Cuentas
0
0
0
0
0
0
0
0
0
0
0
0
0
0
0
0
0
0
0
0
0
0
0
0
0
0
0
0
0
0
0
0
0
0
0
0
0
0
0
0
0
0
0
0
0
0
0
0
0
0
0
0
0
0
0
0
0
0
306
299
210
115
81
52
38
27
14
6
6
4
3
3
0
3
1
5
4
2
2
1
1
3
2
3
4
3
8
2
3
4
2
3
5
1
0
3
2
3
4
2
0
5
1
2
5
1
1
3
4
1
1
2
5
2
3
3
0
2
2
2
1
3
2
3
1
2
1
6
6
3
3
0
1
4
4
0
0
2
1
1
2
2
0
0
5
6
3
2
3
2
3
4
2
1
4
4
1
1
2
2
0
3
4
5
4
1
1
1
2
5
3
3
2
7
2
1
1
5
2
5
1
7
2
2
2
3
1
3
2
1
5
1
2
0
6
1
2
4
3
0
2
1
2
1
3
3
3
1
1
1
1
2
1
4
4
2
2
2
1
1
0
0
3
1
0
0
0
1
0
2
1
0
3
3
0
0
3
1
0
1
1
2
3
2
1
0
1
0
0
1
0
0
0
2
1
2
1
1
0
2
1
1
0
1
1
0
1
0
0
1
0
0
0
2
2
0
1
1
0
2
0
0
1
1
2
0
0
0
0
0
1
0
1
2
1
0
1
0
0
0
0
1
1
1
0
0
2
0
0
0
0
1
0
0
0
0
0
0
0
0
0
0
1
1
0
1
0
2
0
1
1
0
2
1
2
1
0
0
2
0
1
1
2
1
0
1
0
1
2
1
2
1
0
0
1
2
1
4
0
3
1
0
0
1
3
0
1
0
0
1
0
1
1
1
0
0
0
0
0
0
1
0
0
0
0
0
0
1
2
1
1
0
2
0
0
1
0
1
2
0
0
0
1
0
0
2
1
1
0
0
0
1
2
0
0
1
0
1
0
0
0
0
1
2
1
0
0
0
2
1
0
1
0
0
1
1
0
0
1
1
0
0
0
1
0
0
0
1
1
0
1
0
1
2
0
0
1
0
2
1
1
1
0
0
0
1
1
0
0
2
1
0
2
0
0
1
0
0
0
0
0
2
1
0
0
0
0
0
1
1
1
0
0
2
0
1
0
0
0
0
0
0
0
0
1
0
0
1
0
0
1
0
1
0
0
0
0
1
0
0
0
0
1
0
0
0
0
0
0
1
0
0
0
0
0
1
0
0
1
1
0
1
1
0
0
1
0
0
0
2
0
0
0
0
0
0
2
0
0
0
0
0
0
1
0
2
2
0
1
0
0
0
0
0
1
0
1
2
0
0
1
0
0
1
0
1
2
0
1
0
1
1
0
0
0
0
0
2
0
0
0
1
0
0
0
0
0
0
0
2
0
0
1
0
0
1
1
0
0
0
0
0
0
1
1
0
1
0
0
0
0
0
1
0
0
0
0
2
1
0
0
0
0
0
0
0
0
0
0
0
1
0
2
1
0
0
0
0
0
0
0
0
0
0
0
0
0
1
0
0
0
0
1
0
0
0
0
0
2
0
0
0
0
0
0
0
0
0
0
0
0
1
0
0
0
0
0
1
0
1
0
0
0
0
0
0
0
0
0
0
0
0
0
0
0
2
0
1
0
0
0
2
0
0
0
1
0
0
0
0
1
0
0
0
0
0
0
0
0
0
2
1
0
0
0
0
0
1
0
0
0
0
0
1
0
0
1
0
0
1
0
0
0
0
0
0
0
0
0
0
0
0
1
0
0
1
1
1
0
0
0
1
0
0
0
1
0
0
0
1
0
2
2
1
1
0
0
0
0
2
0
0
0
1
1
1
0
0
0
1
0
0
1
1
1
0
0
0
0
0
0
0
0
0
0
0
0
0
0
0
2
0
1
0
0
0
0
0
0
0
0
0
0
0
2
0
1
0
0
0
2
0
0
1
0
1
0
0
0
0
0
0
0
0
0
0
0
0
0
1
0
0
0
0
0
0
0
1
0
0
0
0
2
0
2
0
1
0
0
0
0
0
1
0
0
0
0
1
0
0
0
0
0
0
0
0
1
0
0
0
0
0
0
1
1
1
0
0
0
0
1
0
0
0
0
1
0
0
0
0
0
0
0
0
0
0
0
0
0
0
0
0
0
1
0
1
0
1
0
0
0
0
0
0
1
1
0
0
0
0
0
1
1
0
0
0
1
0
0
1
0
0
1
1
1
0
0
1
0
0
0
0
0
0
0
0
0
0
1
0
0
0
1
0
0
0
0
0
1
0
0
0
0
0
1
1
0
0
0
0
0
0
0
0
0
0
1
1
1
0
1
0
0
0
0
0
0
0
0
0
0
0
0
0
1
0
0
0
0
2
0
0
0
0
0
0
0
0
0
0
0
1
0
0
0
1
0
0
0
0
0
1
0
1
0
0
1
0
0
0
0
1
0
0
0
0
0
1
0
1
0
0
0
0
0
0
0
0
0
0
0
0
1
0
0
0
0
0
0
0
0
0
0
1
0
0
1
0
1
0
0
0
0
0
0
2
0
0
0
0
0
0
0
0
0
0
0
1
0
0
0
1
0
0
0
0
0
1
0
0
0
0
0
0
0
0
1
0
0
1
0
0
0
0
0
0
1
0
0
0
0
0
0
0
0
1
1
1
0
1
0
1
0
0
0
0
0
0
2
0
0
1
0
0
0
0
0
0
0
0
0
0
0
0
0
0
0
0
0
0
0
0
0
0
0
0
0
1
0
0
0
0
0
0
0
1
0
0
0
0
0
1
0
0
0
1
0
0
0
0
0
0
0
0
0
0
0
0
0
0
0
0
0
1
0
1
0
1
0
0
0
0
0
0
0
0
1
0
1
0
0
0
0
1
2
1
0
0
0
0
0
1
0
0
0
0
0
0
1
0
0
0
1
1
0
0
0
0
0
0
0
0
1
0
1
0
0
0
0
1
0
1
0
1
0
1
0
0
1
1
0
2
0
2
2
0
1
0
1
0
0
2
3
3
0
3
3
1
1
0
5
6
2
2
3
0
7
5
5
3
2
4
3
2
4
10
8
0
3
4
2
2
3
5
0
3
1
3
4
1
1
0
1
1
3
2
3
0
0
0
1
1
0
0
0
2
3
2
0
0
0
0
0
0
2
0
0
0
3
0
1
1
0
2
0
1
1
1
0
0
0
0
0
0
0
1
1
1
0
0
0
0
0
0
0
1
0
1
0
1
1
1
1
1
0
0
0
0
0
0
1
1
0
0
0
0
0
0
0
0
0
0
0
0
0
0
1
0
0
0
0
0
0
1
1
0
0
0
1
0
1
0
0
0
0
0
0
0
0
0
0
1
1
1
0
0
0
0
0
1
0
2
1
0
1
1
0
0
1
1
1
0
2
1
0
0
0
0
2
0
1
1
0
2
0
0
0
3
0
0
0
0
1
0
0
1
1
2
0
0
0
1
1
1
0
3
1
2
0
2
1
0
0
1
1
2
0
0
1
0
1
1
0
0
0
0
0
0
0
1
1
0
1
2
0
0
2
1
1
1
2
2
3
1
2
0
1
2
1
0
0
1
0
0
2
1
1
0
0
0
0
0
1
0
0
1
1
0
1
1
0
2
3
0
0
0
1
1
2
1
1
3
0
0
0
0
1
1
1
0
0
0
4
0
0
3
1
1
0
0
0
0
2
3
0
1
2
3
1
1
3
2
0
5
3
2
1
1
2
2
2
1
4
3
5
7
0
6
7
7
5
6
5
19
7
2
11
7
19
28
24
29
23
33
41
36
51
68
83
74
106
112
130
139
184
203
239
270
290
328
363
364
466
502
556
551
627
724
767
805
825
970
981
1023
1134
1174
1182
1298
1361
1366
1315
1463
1480
1604
1429
1597
1603
1559
1603
1457
1569
1490
1426
1417
1394
1284
1224
1205
1176
1105
1082
1055
927
900
841
704
700
672
568
548
515
443
420
348
310
278
286
244
215
190
153
163
111
111
92
103
78
59
62
50
48
46
29
31
29
27
29
23
17
16
18
18
12
7
19
7
15
5
7
5
3
12
8
7
9
9
9
11
5
7
10
5
2
4
7
6
11
2
8
7
2
6
9
2
4
4
4
3
0
5
3
4
6
4
6
5
2
4
8
4
4
3
2
2
3
2
1
4
5
2
5
3
5
2
1
2
6
9
3
6
6
5
5
2
7
4
5
3
4
5
2
9
4
6
6
6
6
7
6
7
9
11
10
11
8
13
15
17
15
15
27
21
23
29
27
19
28
37
27
39
31
31
43
49
47
50
49
41
46
57
52
63
62
58
46
52
54
49
44
49
61
42
52
44
50
48
43
53
41
42
38
31
33
37
30
30
18
27
17
21
11
16
13
10
10
11
11
11
11
4
11
4
4
3
2
2
5
3
3
3
0
0
5
3
1
1
4
4
1
1
3
3
1
2
0
0
4
1
1
1
2
1
2
1
1
2
1
1
0
0
0
0
0
2
2
1
3
5
1
0
1
2
0
0
1
1
0
1
1
1
0
2
0
3
0
1
1
3
1
0
1
1
2
1
1
0
0
0
2
0
2
2
0
0
0
4
1
0
0
0
1
2
1
1
2
3
0
3
3
3
2
3
0
2
5
1
3
2
2
2
2
1
1
0
0
0
1
1
4
2
1
0
2
2
0
3
0
1