Cuentas
0
0
0
0
0
0
0
0
0
0
0
0
0
0
0
0
0
0
0
0
0
0
0
0
0
0
0
0
0
0
0
0
0
0
0
0
0
0
0
0
0
0
0
0
0
0
0
0
0
0
0
0
0
0
0
0
0
0
324
375
246
127
91
62
37
28
14
10
3
5
7
2
4
0
2
1
0
1
1
0
1
0
1
0
1
1
0
1
0
0
0
0
0
1
0
0
3
0
0
0
0
1
0
0
0
0
2
1
0
1
1
0
1
0
0
0
0
0
0
0
0
0
0
0
0
0
0
1
0
1
0
0
0
0
0
1
0
0
0
0
0
0
1
0
0
0
0
2
0
0
0
0
0
0
1
0
0
0
1
0
0
0
0
0
1
0
0
0
0
1
0
1
0
1
0
0
0
0
0
0
0
0
0
0
0
0
0
0
0
0
0
0
0
0
0
0
0
0
0
0
0
1
0
0
0
1
0
0
0
0
1
0
0
0
1
0
0
0
0
0
0
0
0
0
0
0
0
0
0
0
0
0
0
0
0
0
0
1
0
0
0
0
0
1
0
0
0
0
0
0
0
0
0
1
0
0
1
0
0
1
0
0
0
0
0
1
0
1
0
1
0
0
0
0
1
0
0
1
0
0
0
0
0
0
1
0
1
0
0
0
0
0
0
1
0
1
0
0
0
2
0
3
0
0
0
0
0
0
0
0
0
0
1
0
0
1
0
0
0
0
0
3
1
1
1
1
0
1
1
0
0
1
0
1
0
1
1
1
0
0
1
0
0
1
0
0
0
1
0
0
0
0
0
0
0
1
0
0
0
0
0
1
0
0
1
0
0
0
0
0
2
1
0
0
0
0
0
0
1
0
1
1
0
0
0
1
0
0
0
1
0
0
0
0
0
1
0
0
1
1
1
0
0
1
0
0
1
0
1
0
0
0
1
0
0
0
0
1
0
0
0
1
1
0
0
0
0
1
0
0
1
0
0
0
0
1
1
1
0
1
0
1
0
2
0
0
2
0
0
0
0
0
0
0
0
1
1
1
1
0
2
0
0
0
1
0
1
1
1
1
0
0
0
0
0
0
0
0
0
2
0
0
0
1
0
0
1
1
0
2
0
1
3
2
1
1
2
0
0
0
0
1
0
0
1
1
0
0
1
0
0
0
0
0
1
0
0
0
0
0
1
0
0
0
3
0
0
0
0
1
0
0
0
1
1
1
3
2
1
1
2
0
0
2
0
0
1
1
0
0
2
0
0
1
2
0
0
2
0
0
0
0
0
2
0
0
2
1
0
1
0
1
0
1
0
0
1
0
0
2
1
1
5
2
1
0
1
0
0
0
0
1
0
2
2
3
0
1
0
1
0
0
1
0
0
2
1
2
2
0
1
3
2
3
6
4
4
6
4
5
1
5
3
6
7
11
5
10
5
7
11
9
17
9
8
18
16
19
16
13
13
12
6
15
12
4
12
7
10
11
12
9
10
7
6
4
7
2
4
4
4
2
5
0
2
1
3
2
4
1
2
0
2
0
3
1
3
3
1
3
2
5
0
4
3
1
3
3
8
4
2
2
1
3
0
3
2
3
1
1
3
3
1
1
0
1
2
2
1
2
0
2
0
2
1
1
0
0
2
1
0
0
1
0
0
0
0
0
0
0
0
2
0
0
0
2
0
0
0
0
0
0
0
0
0
1
0
1
0
1
0
0
0
1
0
0
1
0
0
0
0
0
1
1
0
0
0
0
0
0
0
2
2
3
6
1
1
1
2
2
3
1
2
5
1
3
6
3
5
0
4
3
6
5
5
3
2
2
5
4
6
3
2
1
1
1
1
2
4
2
0
2
3
1
0
3
0
1
0
1
0
0
0
1
0
0
0
0
1
0
0
0
0
0
1
0
0
1
0
1
0
0
1
0
1
1
0
2
3
2
0
0
1
0
0
1
0
2
0
1
1
1
1
1
1
0
0
2
0
1
1
0
2
0
1
0
1
0
1
0
1
0
1
0
1
0
1
1
0
1
1
0
0
0
0
1
0
0
0
0
1
0
0
0
0
1
0
0
0
0
0
0
0
1
0
0
0
1
0
1
0
2
0
0
0
0
0
0
1
2
0
0
0
0
0
0
0
0
1
0
0
1
0
1
0
0
1
0
0
0
2
0
0
1
1
2
0
0
2
0
2
1
2
0
2
1
1
1
1
1
2
1
3
1
2
0
1
1
1
2
1
1
0
1
1
1
2
1
1
2
0
0
2
0
0
1
0
1
3
0
0
0
1
2
1
1
0
0
0
2
1
0
1
0
0
0
0
0
0
0
0
0
0
0
1
0
0
1
1
0
0
0
0
3
2
1
0
1
1
0
1
0
2
0
0
2
0
0
0
2
0
1
0
1
1
1
0
0
2
3
0
0
0
2
1
0
1
1
0
0
0
0
0
1
0
0
1
0
0
0
0
0
1
0
0
1
0
0
0
2
0
1
0
0
0
0
0
0
0
0
0
0
0
0
2
0
0
0
0
1
2
2
0
0
1
0
0
0
0
0
0
0
0
3
2
1
0
0
0
0
1
1
1
0
2
0
0
1
0
0
1
0
1
2
1
1
2
0
0
1
1
0
0
0
0
2
0
1
0
0
0
2
1
0
0
0
1
0
0
2
1
0
1
1
1
2
0
1
0
1
0
0
0
0
0
0
2
1
0
1
1
0
1
1
0
0
1
0
1
1
1
0
0
1
0
2
0
0
0
1
1
0
1
0
1
0
1
0
0
1
0
2
0
0
0
1
0
2
3
0
1
0
1
0
0
0
3
0
5
1
0
2
2
0
1
4
3
3
1
3
4
2
0
0
2
1
1
0
1
2
2
1
0
2
0
4
3
4
3
1
3
1
3
4
3
2
1
1
0
3
2
3
3
4
0
3
3
3
0
1
3
1
1
2
1
4
5
7
1
4
1
6
4
2
5
2
4
1
2
5
7
5
2
7
2
6
5
6
1
5
5
7
6
4
8
9
11
8
26
20
20
21
16
25
31
21
36
40
38
45
31
56
48
60
62
65
69
95
90
84
93
96
126
117
126
128
144
144
138
125
155
153
139
115
121
134
117
154
116
120
123
105
117
101
93
108
105
71
84
86
71
70
67
59
45
44
45
34
35
29
22
18
23
16
15
17
16
14
6
7
9
6
5
5
3
5
3
4
3
4
4
1
1
3
4
0
1
3
0
2
1
2
3
2
5
2
4
4
6
2
1
1
4
2
3
2
1
2
3
4
1
3
3
2
4
6
5
3
3
3
4
6
3
4
1
5
2
7
3
6
5
2
5
3
6
4
12
6
6
9
10
6
10
10
8
7
20
15
11
21
16
17
18
22
22
26
21
23
22
36
27
31
21
31
32
35
27
33
33
27
36
31
29
25
40
42
33
30
33
34
28
38
43
19
26
28
23
32
17
25
29
30
18
25
15
16
12
13
14
9
16
15
15
11
16
10
11
13
9
19
15
17
19
13
16
17
20
12
17
14
16
12
18
19
17
23
31
18
18
27
32
17
31
22
19
19
22
21
23
32
26
27
33
28
33
28
24
24
35
38
41
38
41
32
38
36
45
45
31
50
41
51
45
58
44
52
43
62
64
60
56
69
62
63
63
72
87
88
71
80
85
86
74
98
94
104
115
114
111
142
126
129
146
132
148
149
174
172
182
184
196
196
244
217
221
267
261
278
298
317
328
351
361
390
443
387
472
474
491
538
611
618
631
628
670
705
775
773
824
853
888
920
986
955
987
982
1057
1110
1129
1113
1172
1204
1256
1268
1244
1399
1331
1445
1385
1458
1495
1481
1522
1665
1491
1686
1689
1710
1656
1687
1780
1770
1821
1826
1874
1832
1925
1926
1924
1894
1929
1955
1964
2001
1944
1884
1902
1859
1697
1802
1646
1663
1667
1572
1472
1415
1394
1313
1214
1178
1103
1082
941
925
852
775
699
630
600
567
511
498
382
366
348
284
303
220
216
195
153
131
109
107
88
73
74
75
44
42
48
40
30
30
26
21
18
16
16
14
14
10
4
14
6
7
8
5
9
7
4
3
3
3
6
6
3
2
3
4
2
8
6
3
4
8
4
2
7
3
5
2
1
3
3
1
2
1
3
2
1
2
2
2
3
0
3
1
3
3
2
3
4
3
0
3
4
3
5
3
2
3
3
2
8
1
1
4
6
1
3
3
2
2
3
1
5
4
3
3
2
3
3
4
4
6
3
2
3
2
5
5
5
2
3
2
3
7
4
2
3
5
2
4
5
3
4
3
3
5
4
3
3
2
1
6
4
3
2
3
1
2
7
4
2
0
1
3
4
5
4
1
0
2
1
3
5
3
1
0
0
4
0
0
3
1
1
0
1
1
3
0
1
3
2
0
1
1
1
0
0
0
0
0
1
0
0
0
1
0
0
0
0
0
0
0
0
0
1
0
0
0
0
0
0
0
0
0
0
0
0
0
0
0
0
0
0
0
0
0
0
0
0
0
0
0
0
0
0
0
0
0
0
0
0
0
0
0
0
0
0
0
0
0
0
0
0
0
0
0
0
0
0
0
0
0
0
0
0
0
0
0
0
0
0
0
0
0
0
0
0
0
0
0
0
0
0
0
0
0
0
1
0
0
0
0
0
0
0
0
0
0
0
0
1
0
0
0
0
0
0
0
0
0
0
0
0
0