Cuentas
0
0
0
0
0
0
0
0
0
0
0
0
0
0
0
0
0
0
0
0
0
0
0
0
0
0
0
0
0
0
0
0
0
0
0
0
0
0
0
0
0
0
0
0
0
0
0
0
0
0
0
0
0
0
0
0
0
0
322
342
215
143
90
46
37
30
17
9
5
2
4
3
1
2
0
1
1
0
2
1
1
0
0
1
0
0
2
0
0
1
1
0
0
0
0
0
0
0
0
0
0
0
0
0
0
1
0
1
0
0
0
0
0
0
0
0
0
0
0
0
1
1
0
0
1
1
1
0
0
0
0
0
0
0
0
1
1
1
0
0
0
1
0
0
0
0
0
0
0
0
0
0
1
0
0
0
0
0
0
0
0
0
0
0
0
0
1
0
0
0
0
0
1
0
0
0
0
0
1
0
0
0
0
0
0
0
0
1
0
0
0
0
1
1
0
0
0
0
0
0
0
0
1
0
0
0
0
0
0
0
0
0
1
0
0
0
1
0
0
1
0
1
0
2
0
0
0
0
1
0
1
0
0
0
0
0
0
0
0
0
0
0
0
0
0
0
0
0
1
0
0
0
1
0
1
0
0
1
1
1
0
0
1
0
0
0
0
0
0
0
0
0
1
0
0
0
0
0
2
0
0
1
0
0
0
0
1
1
1
1
2
1
0
1
0
0
1
0
0
0
0
0
1
1
0
0
1
0
2
1
1
0
1
0
0
1
0
0
0
1
1
0
1
0
0
0
1
0
0
1
1
0
1
1
0
0
0
0
0
0
0
0
1
0
0
1
0
1
0
0
0
0
0
0
0
0
0
1
0
1
0
0
0
0
1
0
0
0
0
0
2
1
0
0
0
0
1
0
0
2
0
1
1
0
0
0
0
1
1
0
0
1
0
0
0
0
0
0
0
0
0
0
0
0
1
0
0
0
1
1
0
0
0
0
0
0
0
1
0
0
1
0
0
0
0
1
0
0
0
0
0
1
0
0
0
0
0
1
0
0
0
0
0
0
0
0
0
0
0
1
0
1
0
1
2
1
1
1
0
0
0
2
1
1
2
1
0
0
0
0
0
2
0
0
0
0
1
1
0
0
2
1
1
0
0
1
0
0
0
1
0
0
0
2
0
1
0
0
0
0
0
0
0
1
1
0
1
0
0
0
1
0
0
1
0
2
1
1
0
0
2
0
1
1
0
0
1
0
0
1
0
1
0
0
2
0
0
0
0
0
1
0
0
0
0
0
1
0
0
0
0
1
0
0
1
1
0
0
1
0
1
0
0
0
1
0
1
1
0
0
0
3
0
0
3
1
1
1
0
3
0
0
1
0
0
0
2
0
1
2
0
1
0
1
0
1
1
0
0
0
1
0
2
1
2
0
0
0
0
1
1
2
0
2
3
4
3
1
5
5
3
5
10
5
5
4
8
7
7
8
7
11
10
12
20
18
11
19
9
20
13
10
12
13
9
14
9
14
9
2
7
12
5
4
7
3
9
6
3
3
7
1
5
2
0
1
2
0
1
0
3
2
1
1
6
1
3
2
1
2
1
0
1
1
1
2
1
3
2
2
4
1
3
2
3
2
2
1
0
1
2
1
2
1
0
1
1
3
0
1
1
0
1
0
0
0
0
2
0
2
1
0
0
0
0
0
1
1
0
0
0
0
0
1
0
1
0
0
0
0
0
1
0
0
0
0
0
0
0
0
1
0
0
0
0
1
1
0
0
3
0
1
0
1
1
1
2
1
1
0
1
1
1
1
3
2
1
5
3
2
1
1
2
5
3
1
3
5
3
0
1
4
1
0
5
6
1
4
2
4
4
1
1
3
5
3
2
2
1
4
2
1
4
2
1
2
0
3
2
1
0
2
2
1
0
0
0
1
0
0
0
0
0
0
0
0
0
0
1
0
0
0
0
1
0
0
1
0
0
0
1
0
2
0
1
0
0
1
0
0
1
1
0
0
2
1
3
0
0
0
1
0
2
2
3
0
1
0
0
0
1
2
1
1
0
0
0
0
0
0
0
1
0
0
0
0
0
0
0
0
1
0
1
1
0
0
1
0
0
0
0
0
0
0
1
0
0
0
0
0
1
1
2
0
0
1
0
0
1
0
1
1
0
0
0
0
0
0
1
0
0
0
1
0
3
0
2
2
0
0
1
2
1
3
0
3
3
1
1
1
3
2
0
0
3
2
4
1
1
1
2
0
0
1
2
2
2
1
3
0
0
1
1
1
0
2
0
1
1
1
2
0
1
2
0
0
0
1
1
1
2
0
1
1
0
2
0
2
1
1
1
0
0
0
0
0
0
0
0
1
1
0
0
0
0
0
0
1
1
1
1
0
0
0
0
1
1
1
1
0
1
0
0
1
0
1
0
1
1
0
0
1
2
0
1
0
0
0
1
2
0
0
0
0
0
1
0
0
1
0
0
0
0
0
0
1
1
0
0
0
2
0
0
0
1
0
0
0
1
0
1
1
0
0
0
0
0
0
1
0
0
0
0
0
0
0
0
0
0
0
0
0
1
1
3
0
1
0
0
0
0
1
0
1
0
1
0
1
0
3
0
0
0
0
0
0
0
2
0
1
0
0
1
1
1
1
2
1
1
0
1
0
0
2
1
2
0
2
2
0
0
0
2
1
1
0
0
2
0
0
3
0
0
1
2
0
1
0
1
0
0
0
0
2
1
0
1
0
1
0
0
0
0
0
0
2
0
0
0
0
0
0
2
1
0
0
0
0
0
0
0
0
0
1
0
0
1
1
0
0
0
2
0
0
0
0
2
0
1
1
0
1
0
0
0
1
1
0
1
0
2
1
4
0
2
0
5
1
2
1
2
0
2
1
0
1
1
3
1
4
1
3
2
3
2
3
4
1
3
2
2
1
4
2
1
4
1
4
1
1
0
0
1
2
3
2
2
3
3
2
2
3
2
1
6
3
3
4
1
2
9
1
2
4
2
3
2
3
10
4
4
2
4
3
2
7
6
8
8
5
8
4
5
9
5
2
10
5
9
16
13
17
21
22
18
28
19
41
31
39
41
50
51
59
61
66
68
86
78
88
91
107
103
93
117
116
98
165
127
133
135
140
149
134
151
132
118
135
151
137
131
118
111
117
106
111
112
83
71
60
91
65
61
49
58
36
31
32
27
31
25
27
20
12
17
9
10
11
8
8
3
5
8
5
3
5
3
4
4
2
1
5
2
3
4
3
3
0
3
2
3
1
2
1
0
0
0
3
3
3
2
3
2
0
2
2
0
2
1
1
2
0
0
1
2
3
3
4
3
2
5
4
3
6
4
3
5
2
2
4
5
3
7
16
8
9
11
7
1
6
8
12
12
8
12
10
16
13
16
14
19
9
21
23
20
24
29
29
19
27
27
34
21
45
43
34
37
44
29
43
39
42
44
33
47
39
21
35
37
39
36
19
36
24
29
25
22
19
27
18
20
31
21
22
14
16
12
15
10
14
9
22
17
9
14
17
13
11
23
20
13
26
13
14
15
17
16
20
16
13
18
23
19
15
28
29
20
25
26
30
17
15
32
27
28
28
35
29
38
27
36
36
18
30
41
32
34
37
35
42
37
42
35
48
36
41
41
49
52
58
50
50
51
52
50
48
57
56
63
65
76
74
87
94
79
76
79
87
88
86
87
93
108
114
115
111
122
121
133
139
155
133
170
152
164
171
187
206
204
208
225
254
254
272
245
308
295
312
327
344
397
390
438
448
461
491
530
552
578
549
628
681
695
758
752
799
829
856
873
921
911
963
1022
1002
1058
1098
1128
1151
1197
1241
1257
1183
1296
1263
1381
1380
1373
1432
1391
1492
1448
1459
1541
1557
1627
1592
1676
1576
1664
1713
1820
1782
1838
1789
1874
1844
1871
1939
1910
1972
1882
1906
1949
1883
1861
1847
1782
1861
1762
1794
1649
1546
1595
1571
1474
1398
1413
1301
1211
1161
1101
987
991
881
792
753
732
702
563
511
442
454
450
350
297
294
264
233
191
165
154
139
111
83
85
67
70
58
46
32
32
34
26
23
27
11
16
6
12
10
6
8
5
11
8
5
5
1
5
4
4
1
3
2
2
4
1
2
4
4
0
7
4
2
2
0
3
3
1
1
6
1
1
3
1
2
1
1
3
0
0
3
2
2
0
3
4
5
4
2
5
2
3
2
1
1
3
3
2
2
3
3
7
2
0
1
1
3
2
4
0
4
7
4
7
2
6
4
4
4
2
4
4
2
3
2
2
8
3
2
6
3
2
1
1
4
2
5
4
2
2
8
2
4
6
8
4
1
2
2
2
1
3
6
5
6
3
1
2
2
2
4
5
0
5
5
3
4
2
3
4
4
4
3
2
4
1
3
4
3
1
4
1
0
3
5
1
1
2
3
1
0
0
0
0
0
0
0
0
0
0
0
0
0
0
0
0
0
0
0
0
0
0
0
0
0
0
0
0
0
0
0
0
0
0
0
0
0
1
0
0
0
0
0
0
0
0
0
0
0
0
0
0
0
0
0
0
0
0
0
0
0
0
0
1
0
0
0
0
0
0
0
0
0
0
0
0
0
0
0
0
0
0
0
1
0
0
0
0
0
0
0
0
0
1
0
0
0
0
0
0
0
0
0
0
0
0
0
0
0
0
0
0
0
0
0
0
0
0
0
0
0
0
0
0
0
0
0
0
0
0
0
0
0
0
0
0
0