Cuentas
0
0
0
0
0
0
0
0
0
0
0
0
0
0
0
0
0
0
0
0
0
0
0
0
0
0
0
0
0
0
0
0
0
0
0
0
0
0
0
0
0
0
0
0
0
0
0
0
0
0
0
0
0
0
0
0
0
0
364
344
248
161
94
75
37
24
5
4
5
1
1
2
2
0
1
1
1
1
0
4
0
0
0
0
0
0
1
0
0
0
0
0
0
0
2
0
0
0
0
1
0
0
0
0
0
0
0
2
0
1
1
0
0
0
2
0
0
0
0
1
0
0
0
0
1
0
0
0
0
0
0
0
0
0
0
0
0
0
0
1
0
0
0
0
1
0
1
0
1
0
0
0
0
0
1
0
0
0
0
0
0
0
0
1
0
0
0
0
0
0
0
0
0
0
1
0
0
1
0
0
0
1
2
0
0
0
0
0
0
0
0
0
0
0
0
0
0
0
0
0
0
0
1
0
0
0
0
0
0
0
0
0
0
0
0
1
0
1
0
1
0
1
1
0
0
0
0
0
0
0
0
0
1
1
0
0
1
0
0
0
0
0
0
0
0
0
0
0
0
0
2
0
0
0
1
0
1
0
0
0
1
0
0
0
1
0
0
0
0
2
0
0
2
1
2
1
0
1
1
0
0
0
1
0
0
0
1
0
1
1
0
0
2
0
0
1
0
1
0
0
1
0
0
0
0
0
0
0
0
0
0
1
1
0
0
1
0
0
0
0
1
0
0
0
0
0
0
0
0
0
2
0
0
1
1
0
0
0
1
0
0
0
0
0
0
0
1
0
0
0
0
1
0
1
0
0
0
0
0
0
0
0
1
0
0
0
0
0
1
0
0
0
0
0
0
0
0
0
0
0
0
0
0
0
0
0
0
0
1
0
0
0
0
0
0
0
0
1
0
0
1
0
1
0
0
0
2
0
0
0
0
0
0
0
0
0
0
0
0
0
0
0
0
1
0
0
0
0
1
1
1
1
1
1
0
0
0
0
3
0
0
0
1
1
0
0
0
0
1
3
1
1
1
0
0
1
0
0
0
0
1
0
1
1
1
0
0
1
2
0
1
0
1
0
1
0
0
0
1
1
0
0
0
0
0
0
0
2
1
1
0
0
1
2
1
0
0
2
0
0
0
0
0
1
0
1
3
2
0
0
2
3
0
0
0
1
0
2
0
1
1
0
0
1
0
0
0
1
0
0
0
0
0
0
0
0
0
1
0
1
0
0
0
0
3
0
0
1
0
0
0
0
0
1
1
0
0
0
0
0
1
0
2
1
1
0
0
0
0
0
1
0
1
1
0
0
1
0
1
0
2
0
3
0
0
1
0
2
0
0
0
0
2
0
0
1
0
0
1
1
1
2
0
1
1
0
1
2
1
3
0
1
1
5
4
2
4
1
6
7
5
3
2
6
6
8
10
15
15
14
8
13
18
12
12
9
12
15
11
15
14
13
8
16
19
14
15
10
11
15
8
6
7
5
7
7
8
4
7
3
7
2
2
1
1
1
2
0
1
1
0
1
2
3
0
1
0
0
4
2
4
3
4
2
2
4
1
2
3
1
3
1
3
3
5
1
2
5
2
1
0
0
1
1
1
1
1
0
1
2
1
1
0
0
1
0
1
1
0
0
0
1
0
3
1
0
0
1
1
0
0
0
1
1
0
0
0
0
0
0
0
0
0
1
0
1
1
0
0
0
1
0
0
0
0
0
0
0
0
0
0
0
0
1
1
1
0
0
1
0
0
2
3
4
2
1
0
3
1
2
0
1
0
7
0
2
3
4
1
5
5
2
5
1
2
0
4
6
3
6
3
2
3
2
2
3
3
0
2
1
0
3
2
1
1
1
0
2
1
1
1
1
0
0
0
1
0
1
0
0
0
0
0
0
0
0
0
0
0
0
1
1
1
0
1
0
1
1
0
0
0
0
0
0
0
0
1
0
0
0
0
2
0
1
1
0
1
2
0
0
1
1
0
1
0
0
0
1
2
0
0
0
1
0
1
0
1
0
0
1
0
0
1
0
0
1
0
0
0
0
0
0
0
0
0
0
0
0
0
0
0
0
0
0
0
0
0
1
0
0
1
0
0
0
3
0
1
0
0
0
0
0
0
0
0
0
0
0
0
1
3
0
0
1
1
1
1
3
1
2
1
0
0
1
0
2
4
1
0
2
0
2
2
1
2
1
0
4
1
1
0
1
1
2
0
4
1
2
0
0
1
1
2
4
2
1
0
2
1
1
0
1
0
2
0
0
0
1
1
0
1
0
1
0
1
1
1
1
1
0
2
0
0
1
0
0
0
1
0
0
1
1
1
0
0
0
0
1
0
0
0
2
1
0
0
0
0
1
0
1
1
0
1
1
0
1
0
1
1
0
0
0
0
0
2
0
0
1
3
0
0
1
1
0
2
1
2
0
0
1
1
1
0
0
1
0
1
0
0
1
0
0
0
2
0
0
0
0
1
0
0
0
0
0
0
0
0
1
0
0
0
0
0
0
1
1
0
0
0
0
0
0
1
0
0
1
0
0
0
0
0
0
0
1
0
0
2
0
1
0
1
0
0
0
0
0
0
0
2
1
0
0
0
0
1
1
2
1
1
1
1
1
3
2
2
1
1
1
1
1
3
1
1
1
2
2
2
0
0
1
1
0
1
0
0
0
1
0
0
1
0
0
1
0
1
1
1
0
1
1
0
0
1
1
1
1
0
0
0
0
0
0
0
1
1
1
0
0
0
0
3
0
0
1
0
1
1
0
1
1
0
2
1
0
1
0
0
2
0
2
1
1
0
1
1
2
0
0
1
2
1
0
0
0
1
1
1
1
0
0
1
0
5
3
1
3
0
3
2
3
4
3
0
3
3
6
2
2
2
4
0
1
2
2
0
1
1
1
2
2
2
4
1
4
4
3
2
2
3
4
6
3
3
1
3
6
5
2
2
2
3
4
4
3
4
5
2
1
2
2
5
4
3
2
4
9
3
3
5
8
5
5
2
5
12
10
8
8
11
17
6
18
19
28
18
24
22
30
30
41
54
56
51
66
67
60
77
90
99
98
116
118
119
130
132
115
125
128
140
139
150
135
146
145
147
135
155
129
137
148
126
134
120
117
93
117
109
72
97
85
68
58
73
63
44
45
47
26
29
23
28
21
20
15
13
12
15
16
12
11
8
8
5
5
7
7
3
4
2
2
5
1
0
2
2
2
1
2
3
1
1
3
1
3
2
0
5
1
4
5
1
0
2
3
3
1
2
1
5
2
2
2
7
1
3
2
3
2
6
2
7
3
7
2
1
6
8
5
5
7
2
7
5
11
2
8
8
4
7
7
3
9
5
14
13
13
23
18
23
27
20
12
23
13
19
26
21
29
29
24
32
34
37
29
32
36
40
38
42
47
44
39
42
26
30
36
39
33
35
29
27
33
22
25
23
30
23
31
27
31
19
26
24
19
9
18
19
18
19
18
15
15
13
27
14
15
16
16
12
12
25
21
14
22
27
21
24
24
21
21
19
23
16
26
19
17
24
31
19
22
23
26
27
37
31
32
39
31
34
32
40
36
32
30
43
33
43
42
40
46
34
52
47
48
59
46
38
54
35
54
58
51
53
50
53
58
67
69
60
63
71
77
89
90
85
88
91
96
83
93
118
128
134
117
136
139
135
144
149
152
162
172
178
179
197
205
252
231
248
264
294
268
321
301
347
334
363
394
372
440
487
464
539
530
589
589
616
627
644
640
728
745
802
838
864
883
940
916
902
976
1089
998
1143
1129
1132
1135
1120
1133
1231
1189
1177
1201
1259
1342
1274
1313
1247
1252
1281
1309
1384
1330
1338
1367
1326
1306
1370
1352
1457
1338
1309
1392
1363
1396
1358
1367
1308
1320
1362
1376
1365
1323
1320
1258
1213
1195
1226
1201
1119
1094
1079
1066
973
959
988
893
858
789
753
735
636
634
588
554
474
485
434
434
380
326
311
266
259
219
224
174
159
133
99
98
110
91
66
48
44
47
38
40
19
26
25
17
26
4
13
19
8
7
3
8
10
3
7
11
3
2
6
2
5
5
4
3
3
2
4
1
5
1
4
1
4
3
2
4
0
1
0
3
0
3
2
1
0
1
0
3
0
1
4
3
4
0
3
2
1
2
0
3
4
4
0
1
1
0
6
4
5
3
3
2
2
2
2
3
8
3
2
5
2
1
3
4
6
3
6
1
3
3
7
1
4
4
7
4
3
3
6
3
2
3
3
5
3
4
4
3
1
3
4
1
3
1
4
7
4
2
6
5
3
7
8
7
6
6
8
6
5
7
9
4
5
1
3
3
5
4
6
4
4
2
3
5
2
2
5
5
6
0
4
4
4
1
5
1
1
1
3
3
1
0
1
0
0
0
2
1
0
1
0
1
0
1
0
0
0
1
0
0
0
0
0
0
0
0
0
0
0
0
1
0
0
0
0
0
0
0
0
0
1
0
0
0
0
0
0
0
0
1
0
0
0
0
0
0
0
0
0
0
0
0
0
0
0
0
0
0
0
0
0
0
0
0
0
0
0
0
0
0
0
0
0
0
0
0
0
0
0
1
0
0
0
0
0
0
0
0
0
0
0
0
0
0
0
0
0
0
0
0
0
0
0
0
0
0
0
0
0
0
0
0
0
0
0
0
0
0
0
0
0
0
0
0
0
0
0
0
1
0