Cuentas
0
0
0
0
0
0
0
0
0
0
0
0
0
0
0
0
0
0
0
0
0
0
0
0
0
0
0
0
0
0
0
0
0
0
0
0
0
0
0
0
0
0
0
0
0
0
0
0
0
0
0
0
0
0
0
0
0
0
340
361
241
155
93
69
45
32
15
9
3
4
1
3
1
1
0
2
1
1
1
0
0
1
0
0
0
1
0
0
0
0
0
1
0
1
0
0
0
0
0
0
0
0
0
0
0
0
0
0
0
0
0
0
0
0
0
0
0
0
0
0
0
0
0
0
0
0
0
0
0
0
0
0
0
0
0
0
0
0
0
0
0
1
0
0
0
0
1
0
0
0
1
0
0
0
0
0
0
0
0
1
1
0
1
0
1
0
0
0
0
0
0
0
0
0
0
0
0
0
0
0
0
0
0
0
0
0
0
0
0
0
0
0
0
0
0
0
0
0
0
0
0
1
0
0
0
0
1
0
1
0
0
0
1
0
1
0
0
0
0
0
0
0
0
1
0
0
0
0
0
0
1
0
0
0
0
0
0
0
0
0
0
0
0
0
0
0
1
0
0
0
0
0
0
0
0
0
0
0
0
0
1
0
0
0
0
0
1
1
0
1
1
0
0
0
0
0
3
1
0
1
0
0
0
1
0
0
0
0
2
0
0
0
0
0
0
1
0
1
1
0
0
0
0
1
0
0
0
0
0
2
0
0
0
0
1
1
0
0
0
0
0
0
0
0
1
0
2
0
0
2
0
1
1
0
0
1
1
1
1
0
0
0
1
0
0
1
0
1
1
0
1
0
1
1
0
0
0
0
0
0
0
0
2
0
0
0
0
0
0
1
0
0
0
0
0
0
1
0
0
0
0
0
0
0
1
0
0
0
0
0
0
0
0
0
1
0
0
0
1
2
0
0
0
0
1
0
0
1
0
0
0
0
2
0
0
0
2
0
1
0
0
1
1
0
2
0
1
0
1
1
1
0
1
0
0
0
0
0
0
0
0
0
0
1
0
0
0
1
0
0
1
0
0
1
0
0
0
0
0
0
0
0
0
1
1
0
0
0
0
0
0
0
0
2
1
1
1
2
0
0
0
0
1
0
0
2
0
0
1
0
0
1
0
1
0
1
0
1
0
1
0
0
0
0
0
0
2
0
0
0
0
0
0
0
1
0
0
0
1
0
0
0
0
2
1
1
0
1
0
2
1
1
0
0
0
0
0
1
0
0
1
0
1
0
1
0
0
0
0
0
0
0
1
2
0
2
0
1
0
1
0
0
0
0
0
0
0
1
1
0
3
1
1
0
0
2
2
3
1
2
0
0
1
0
0
0
0
1
1
0
0
0
0
0
0
0
0
1
0
2
2
4
1
1
0
1
1
0
3
1
1
2
0
1
0
6
2
6
1
3
2
9
7
7
8
14
6
13
6
12
8
10
17
11
12
11
20
11
12
18
12
14
12
13
7
20
11
12
17
8
13
7
8
4
2
3
7
5
12
1
6
7
5
1
1
2
3
1
2
1
0
0
2
1
1
2
0
4
3
3
0
3
0
2
2
1
6
1
3
0
4
0
2
3
2
3
1
1
1
3
1
3
1
0
0
0
4
1
1
1
2
2
0
0
1
1
1
3
0
1
0
0
0
1
1
1
0
1
0
1
0
0
0
0
1
2
0
0
0
0
0
0
0
0
0
0
0
1
0
0
0
1
0
0
0
1
1
2
2
0
1
3
1
1
3
0
0
2
0
1
0
1
0
0
1
1
4
2
4
1
6
4
5
0
2
1
3
1
8
3
1
4
7
4
3
2
5
6
5
1
2
4
3
5
3
0
3
4
2
2
0
4
2
1
3
1
0
0
1
0
0
0
0
1
0
0
0
1
0
1
0
0
0
0
0
0
1
1
0
1
0
0
1
3
1
0
1
1
1
1
0
1
0
1
1
3
2
1
0
0
1
0
1
1
0
2
0
1
1
2
0
0
0
0
0
0
0
0
0
0
0
0
0
0
1
0
0
1
2
1
0
0
0
0
0
2
0
0
1
0
1
0
2
1
0
0
2
0
1
0
0
1
1
0
0
0
0
0
0
0
1
0
1
0
0
0
1
1
0
0
0
0
0
1
0
0
0
0
0
1
0
1
1
0
0
0
0
0
1
0
2
1
0
0
1
1
3
4
4
1
0
0
3
0
4
2
2
1
0
0
1
3
0
2
1
0
2
2
0
2
0
1
3
2
0
0
0
1
0
0
1
0
2
2
0
0
0
0
2
0
1
1
2
0
1
1
1
0
0
0
0
0
2
0
2
1
0
1
2
0
0
0
0
0
1
0
0
0
0
0
2
0
0
1
0
0
0
0
0
0
0
0
0
0
0
0
1
3
0
1
1
0
0
3
0
1
1
0
0
2
0
0
1
0
0
2
1
0
0
0
0
0
0
0
0
2
1
0
0
0
0
1
0
0
1
0
0
1
0
0
0
1
0
1
0
0
0
0
0
1
0
0
0
0
0
0
0
1
0
3
0
0
0
0
0
0
0
1
0
1
2
0
0
0
0
0
1
1
1
1
0
0
0
1
1
1
0
2
0
2
0
1
0
0
3
1
1
2
2
1
0
0
0
0
1
0
0
0
1
1
0
1
2
0
1
0
0
0
0
0
1
1
0
0
1
2
0
2
1
0
0
0
1
0
1
1
0
1
1
1
0
1
0
0
0
1
1
1
0
0
1
0
0
0
0
1
0
0
0
0
1
2
1
1
0
1
1
2
0
0
1
2
0
3
2
0
0
2
1
0
2
2
2
2
1
1
0
1
0
0
3
2
4
2
3
4
0
1
2
2
2
1
0
1
3
1
1
1
1
2
0
3
1
0
1
2
4
2
5
1
1
2
2
1
2
3
3
3
4
3
4
2
3
2
2
4
2
3
2
3
4
5
4
5
2
1
2
2
1
6
2
4
7
2
6
7
1
3
5
5
5
3
7
7
8
5
8
2
8
5
7
3
6
5
9
10
11
10
15
11
15
16
25
22
21
17
37
40
37
43
48
56
52
66
67
73
64
100
81
91
88
103
123
122
123
143
163
134
133
149
127
150
179
148
145
143
132
141
115
140
131
119
118
104
102
109
114
104
115
82
72
57
68
64
46
49
52
32
32
31
27
24
23
18
21
15
13
12
6
8
8
3
6
10
6
2
2
3
2
5
0
4
3
3
2
3
0
3
4
1
1
3
1
1
3
1
4
1
1
1
1
2
5
4
1
7
2
2
3
2
1
4
3
3
8
2
3
5
1
3
3
1
5
5
8
5
6
10
4
4
7
4
7
5
5
12
6
3
10
9
11
10
10
14
19
12
8
13
9
16
15
14
27
14
26
19
26
33
20
27
21
36
31
33
33
39
25
34
31
32
33
41
33
48
39
37
44
31
38
28
30
30
29
41
31
30
20
33
32
23
32
20
27
26
26
17
20
22
18
20
15
13
16
13
14
16
22
15
25
19
16
26
19
18
18
25
20
15
24
23
24
22
19
25
30
22
30
26
28
23
23
26
37
28
35
37
30
37
47
43
39
37
44
48
39
49
41
35
50
40
38
42
57
52
67
51
55
47
53
58
79
60
79
74
89
82
94
83
95
79
92
104
92
98
118
96
100
115
121
138
132
130
119
142
160
153
157
171
197
236
166
208
234
205
235
268
272
290
308
338
340
349
355
409
393
419
466
520
505
527
500
595
620
637
665
755
697
809
759
822
889
882
933
931
956
1005
1023
1032
1127
1113
1077
1144
1157
1186
1198
1262
1323
1291
1339
1327
1363
1361
1308
1377
1357
1378
1398
1418
1361
1353
1378
1368
1397
1377
1325
1429
1383
1334
1337
1351
1294
1306
1293
1290
1380
1333
1330
1332
1304
1306
1323
1299
1234
1197
1172
1263
1113
1163
1094
1071
1079
1023
958
905
917
856
779
728
716
653
624
612
574
568
487
455
438
387
328
309
300
276
255
203
209
166
161
148
110
118
115
83
74
67
77
48
48
34
26
29
29
27
20
19
12
14
9
15
10
7
5
8
5
1
7
1
10
2
4
3
4
7
2
4
2
1
3
1
4
1
5
0
3
4
2
4
6
2
1
2
3
2
2
2
1
4
3
2
2
3
2
3
3
5
4
1
7
3
6
3
2
4
4
4
4
4
7
4
2
3
4
5
4
7
0
3
1
2
8
4
2
3
7
5
1
6
3
8
6
7
4
2
3
5
3
5
6
4
6
4
3
6
5
8
8
3
6
3
6
2
2
11
8
7
7
7
6
3
11
5
4
11
5
9
8
13
5
10
5
5
11
4
4
8
5
3
11
4
8
4
5
7
6
7
4
7
6
5
6
5
2
4
4
3
2
4
3
2
1
2
1
1
0
1
3
2
0
2
0
0
1
0
2
0
2
1
0
2
0
0
0
1
0
0
0
0
0
0
0
0
0
0
0
0
0
0
0
0
0
0
1
0
0
0
1
0
0
0
0
0
1
0
0
0
0
0
0
0
0
0
0
0
1
0
0
0
0
0
0
0
0
0
0
0
0
0
0
0
0
0
0
0
0
0
1
0
0
0
0
0
0
0
0
0
0
0
0
0
0
0
0
0
0
0
0
0
0
0
0
0
0
0
0
0
0
0
0
0
0
0
0
0
0
0
0
0
0
0
0
0
0
0
0
0
0
0
0
0