Cuentas
0
0
0
0
0
0
0
0
0
0
0
0
0
0
0
0
0
0
0
0
0
0
0
0
0
0
0
0
0
0
0
0
0
0
0
0
0
0
0
0
0
0
0
0
0
0
0
0
0
0
0
0
0
0
0
0
0
0
368
361
256
169
96
75
40
17
10
11
9
2
1
5
3
3
1
0
0
0
1
0
0
1
1
1
1
0
0
2
2
2
1
0
0
1
0
0
0
0
3
0
1
0
0
0
0
0
0
2
0
0
0
0
0
0
0
0
0
0
0
1
0
0
1
0
0
0
0
0
0
0
0
0
1
0
0
2
0
0
0
0
0
0
1
1
0
0
0
0
1
0
0
1
0
0
0
0
0
0
0
0
0
0
0
0
0
0
0
0
0
0
0
0
0
0
0
0
0
0
0
1
0
0
0
0
0
1
1
0
0
2
0
0
0
1
0
1
0
0
1
0
0
0
0
0
0
0
0
1
0
0
0
0
0
1
0
0
0
0
0
0
0
0
0
1
0
1
1
0
0
0
0
0
0
0
0
0
0
0
0
0
0
0
0
0
2
0
1
1
1
1
2
1
0
0
0
0
0
0
0
0
0
0
0
3
0
1
0
0
0
0
0
1
1
0
1
1
2
0
0
0
0
0
1
0
1
2
0
0
0
1
1
0
0
0
0
1
1
1
0
0
0
0
0
0
1
1
2
1
0
0
1
0
1
0
1
0
2
0
0
0
0
0
0
2
1
0
1
0
0
0
1
1
0
0
0
1
2
0
0
1
1
0
1
0
0
1
1
0
0
1
0
1
0
0
0
0
2
0
1
1
0
0
2
0
0
0
2
0
0
0
0
0
0
0
0
0
0
1
0
1
0
0
0
0
0
0
0
1
0
0
0
0
0
2
1
0
1
0
0
1
0
0
2
1
1
0
0
1
1
0
1
0
0
0
0
0
1
0
0
0
0
2
0
1
1
0
1
1
0
1
0
1
0
0
0
0
0
1
2
0
1
2
1
1
1
0
0
1
0
0
0
0
2
0
0
0
0
0
0
0
0
0
0
1
0
1
0
0
0
1
1
0
0
1
0
1
0
0
0
1
0
0
1
0
0
0
1
0
0
0
1
0
0
0
4
0
2
1
0
0
0
1
0
0
1
1
1
1
1
0
2
0
0
0
1
0
0
1
2
1
2
0
0
0
0
0
1
0
0
0
1
1
1
1
0
1
0
0
0
1
0
0
0
2
0
1
1
0
0
4
0
0
3
0
0
1
1
1
1
0
2
1
1
1
0
1
3
0
1
2
0
2
1
1
0
2
1
0
0
1
2
0
0
1
1
0
0
0
0
0
1
0
2
0
2
1
0
1
0
0
0
3
0
1
2
2
1
0
3
1
4
1
6
3
2
3
2
6
4
5
4
8
7
7
16
4
11
6
15
15
19
17
18
13
18
26
15
15
19
17
14
15
12
15
5
13
15
12
15
9
9
14
9
13
11
8
5
6
4
8
3
4
3
2
1
1
1
5
4
5
3
3
5
2
3
1
0
1
2
3
3
4
1
3
1
3
3
4
2
5
3
0
2
2
4
1
2
2
0
3
2
2
2
1
0
3
0
3
1
2
1
2
0
2
0
1
0
0
1
0
2
2
0
1
1
0
0
2
0
2
1
1
0
0
0
0
1
2
1
0
1
0
1
1
1
0
0
0
1
0
0
0
0
0
2
0
0
0
0
3
0
0
0
0
0
1
1
1
0
2
1
1
2
1
3
4
3
3
4
4
4
3
5
4
4
3
7
2
4
5
2
3
5
5
7
3
3
3
5
5
6
1
2
6
4
9
4
7
1
4
2
4
2
1
2
3
2
0
1
2
0
0
0
0
0
0
0
0
1
0
1
0
0
0
0
1
1
0
0
1
0
0
0
2
0
1
0
0
0
1
2
1
1
2
0
0
3
3
2
2
1
0
1
1
0
0
0
2
1
2
1
0
0
1
2
0
1
1
0
1
0
2
0
1
0
1
0
0
0
0
0
0
0
0
0
0
0
0
0
0
0
0
0
0
0
0
1
0
1
0
0
0
0
0
0
0
0
1
0
0
0
0
1
0
0
0
0
0
0
0
0
0
0
0
0
0
0
0
1
2
2
0
1
1
1
0
2
1
1
2
0
4
4
0
2
2
4
3
2
1
1
0
0
1
0
4
2
1
0
4
1
4
2
0
1
1
2
1
4
2
3
2
0
2
0
0
1
1
0
0
2
1
0
3
2
0
1
1
1
1
0
0
1
1
0
1
0
2
0
1
0
0
1
0
1
2
0
1
0
0
0
0
0
0
1
1
0
2
0
0
0
1
1
0
0
2
1
0
0
0
1
1
1
1
0
0
1
1
1
1
0
0
1
1
0
1
0
0
0
0
1
0
1
0
0
0
1
1
0
0
0
0
0
1
0
2
0
2
0
2
2
0
0
0
1
0
0
0
0
0
1
0
0
0
0
0
0
0
1
1
0
0
1
0
1
1
1
1
1
1
1
1
1
0
1
0
1
0
0
1
0
1
0
1
2
0
0
0
0
0
1
0
0
0
0
1
1
1
0
0
0
0
1
1
0
1
1
0
1
1
0
1
0
0
2
0
0
3
0
0
1
3
0
0
2
1
1
1
0
1
0
0
0
0
1
2
2
1
0
3
0
1
1
0
0
0
1
0
3
0
0
0
0
0
0
1
1
1
0
1
0
1
0
0
0
0
0
2
0
1
0
2
0
1
1
0
0
0
2
1
1
1
0
2
1
0
1
1
0
0
1
3
3
0
1
2
1
1
0
0
3
1
1
2
0
2
4
0
2
0
1
2
0
0
1
2
5
1
0
2
2
1
2
2
2
1
2
1
2
5
1
1
3
3
3
4
3
3
3
5
1
3
4
1
5
1
4
3
4
2
1
3
5
6
3
1
2
3
5
2
2
6
3
4
3
5
1
6
5
3
7
4
4
1
8
6
9
5
6
8
5
9
5
10
8
11
14
14
14
8
15
12
18
28
28
31
36
43
33
53
41
61
56
63
81
66
81
88
99
99
96
118
112
108
137
127
132
156
128
172
155
160
163
169
171
171
140
159
154
148
125
149
134
136
96
89
98
105
109
84
92
68
64
68
58
49
46
42
31
31
26
19
34
25
16
18
15
9
5
18
4
11
6
1
3
7
6
2
3
3
1
4
2
2
3
3
3
4
3
4
1
4
2
4
2
3
1
2
1
5
7
4
6
2
3
2
3
1
3
2
3
2
3
4
2
4
5
3
9
9
7
5
2
7
9
5
3
4
7
7
9
13
10
9
13
14
9
12
7
12
14
16
19
15
13
11
15
15
19
20
20
20
17
29
22
25
33
40
27
38
32
29
29
29
38
46
45
40
45
47
38
52
54
39
33
46
34
39
45
37
26
37
34
35
34
21
35
28
32
44
29
39
29
29
26
24
18
17
24
26
30
23
27
29
27
20
18
29
21
26
34
28
24
29
39
18
38
33
22
25
35
32
31
40
30
34
28
36
37
43
38
35
37
48
40
42
53
44
39
53
55
63
52
53
52
48
52
64
51
63
64
61
50
69
60
51
71
77
88
82
74
74
81
87
81
83
103
94
92
106
117
108
100
96
126
118
141
140
159
152
125
141
163
141
202
209
189
203
228
225
219
232
243
292
335
297
349
368
362
402
400
399
413
448
477
509
527
588
635
576
685
717
772
763
828
845
821
896
893
989
950
1065
1032
1063
1105
1119
1159
1230
1224
1211
1284
1251
1309
1370
1328
1359
1400
1385
1422
1355
1465
1396
1414
1467
1417
1390
1412
1382
1375
1379
1446
1469
1367
1396
1436
1401
1405
1437
1490
1389
1530
1473
1446
1431
1471
1484
1419
1424
1442
1454
1362
1366
1419
1406
1254
1350
1383
1270
1285
1202
1206
1174
1082
1012
1088
991
913
875
867
783
773
742
661
577
595
503
482
448
399
316
311
297
294
229
224
178
183
134
140
121
99
87
76
72
66
53
50
49
32
34
27
26
17
15
21
10
9
10
14
4
8
9
7
9
5
3
6
2
5
3
8
2
3
3
6
5
5
4
2
5
2
6
5
4
3
2
3
5
4
6
4
4
3
5
5
3
1
1
2
3
6
4
4
2
8
4
4
5
4
5
1
6
3
2
3
7
4
3
3
4
3
4
7
5
5
3
3
5
2
8
2
6
3
3
4
6
4
2
3
3
10
5
4
4
5
8
4
4
3
3
4
3
2
5
1
1
6
3
4
7
2
5
6
4
3
2
2
3
9
4
3
4
3
2
6
6
3
6
2
4
7
2
4
3
5
3
3
4
4
5
4
5
6
4
6
3
0
5
3
8
3
1
2
2
5
2
0
3
0
0
0
1
0
0
1
0
1
1
1
0
1
0
0
0
0
1
1
1
1
0
0
0
0
0
0
0
0
0
0
0
0
0
0
0
0
0
0
0
0
0
0
0
0
0
0
0
0
0
0
0
0
1
1
0
0
0
0
0
0
0
0
0
0
0
0
1
0
0
0
0
0
0
0
0
0
0
0
0
0
0
0
0
0
0
0
0
0
0
0
0
0
0
1
0
0
0
0
0
0
0
0
0
0
0
0
0
0
0
0
0
0
0
0
0
0
0
0
0
0
0
0
0
0
0
0
0
0
1
0
0
0
0
1
0
0
0
0
0