Cuentas
0
0
0
0
0
0
0
0
0
0
0
0
0
0
0
0
0
0
0
0
0
0
0
0
0
0
0
0
0
0
0
0
0
0
0
0
0
0
0
0
0
0
0
0
0
0
0
0
0
0
0
0
0
0
0
0
0
0
331
348
225
138
85
55
34
22
7
7
3
3
3
2
0
1
0
0
0
2
0
0
1
1
2
0
0
0
0
0
0
1
0
1
0
0
0
1
0
0
0
0
0
1
3
0
0
1
0
0
0
0
1
0
0
0
0
0
0
0
0
0
0
0
0
0
0
0
0
0
0
0
0
1
0
0
1
0
0
1
0
0
0
0
0
0
0
0
1
0
0
2
1
0
1
0
0
0
0
0
0
0
0
0
0
0
0
0
0
0
0
0
1
0
0
0
0
1
0
0
0
0
1
0
0
0
0
0
0
0
0
0
0
0
0
0
2
0
0
1
0
0
0
1
0
0
0
0
0
0
0
0
0
1
0
0
0
1
0
0
0
0
0
0
0
0
0
0
0
0
1
1
1
0
0
0
0
0
0
0
0
0
0
0
0
0
0
1
0
0
0
0
0
0
0
1
1
0
0
0
0
1
0
0
0
1
1
1
0
1
0
1
0
0
1
0
0
0
0
1
0
0
0
0
0
1
1
0
0
0
0
0
0
1
1
0
0
0
0
0
0
0
2
1
0
0
1
0
0
0
0
0
0
1
0
0
1
0
1
0
0
0
0
0
0
0
0
0
1
3
1
0
1
0
0
0
0
0
1
0
0
1
0
1
0
0
2
1
0
0
0
0
0
1
0
1
0
1
0
0
1
0
0
0
0
1
0
0
1
0
0
0
2
1
0
1
0
0
0
0
2
1
0
0
0
1
0
0
0
0
0
1
1
1
0
1
0
1
0
0
0
0
0
0
0
0
1
1
2
1
0
0
0
1
0
0
0
1
1
0
1
0
1
1
1
1
0
0
1
0
1
0
1
1
0
0
0
0
0
0
0
0
0
1
0
4
0
0
0
0
0
0
1
1
1
0
1
0
1
0
0
2
0
2
0
1
0
1
0
0
0
0
0
0
0
0
1
0
0
0
0
0
0
0
0
0
1
0
1
1
0
1
0
1
1
0
1
0
0
0
0
0
2
1
0
2
0
1
1
1
0
1
0
0
0
1
1
0
1
0
0
1
1
0
0
1
0
1
0
0
0
1
0
0
0
2
0
0
0
0
1
1
2
2
0
1
0
0
0
0
0
2
1
0
1
1
1
0
0
0
1
3
1
0
0
2
2
1
1
0
0
0
0
4
2
0
1
1
1
0
0
1
0
0
3
1
0
1
0
1
0
0
0
0
0
0
2
0
0
1
1
1
2
1
1
0
1
1
0
2
2
2
1
1
0
4
1
4
2
6
6
2
7
4
4
5
6
9
10
13
15
14
10
12
14
24
18
27
13
6
22
20
14
19
10
11
17
20
10
16
13
15
15
9
11
7
7
10
9
5
9
5
3
6
0
1
2
4
0
4
3
4
0
1
3
2
1
0
0
2
0
2
2
1
0
3
3
2
2
0
2
2
2
3
4
1
2
0
2
1
2
0
3
1
0
0
4
2
1
0
2
0
0
3
0
1
2
1
0
1
1
0
1
1
1
1
0
0
1
1
0
0
0
1
0
1
0
0
1
1
1
2
0
1
0
0
1
1
0
0
0
1
1
1
0
0
0
0
0
2
1
0
1
1
1
0
0
0
0
0
1
1
1
0
2
1
3
1
3
4
1
0
4
4
3
4
5
4
3
2
0
7
8
3
0
2
8
3
6
7
9
4
7
4
4
4
5
5
4
4
4
3
2
2
3
2
1
3
2
0
1
1
1
0
0
1
0
0
0
1
0
1
1
0
2
0
0
1
1
1
0
1
0
0
0
1
0
0
1
1
1
1
0
2
1
1
1
0
1
3
1
1
1
1
1
3
2
1
1
0
0
0
0
0
1
2
2
1
2
1
0
0
2
2
0
0
0
1
2
0
0
0
0
0
0
0
0
0
0
0
1
0
0
0
0
0
0
0
1
1
1
0
0
1
0
1
0
0
0
0
0
0
0
0
1
1
0
2
0
0
0
1
0
0
1
0
0
0
0
1
0
0
2
2
0
0
2
0
2
1
1
2
0
3
1
2
0
1
2
0
2
0
1
2
0
3
1
1
1
1
0
3
2
1
2
2
1
0
2
2
1
1
3
3
1
3
0
2
1
1
2
0
1
0
2
0
1
1
0
1
0
2
1
1
1
0
2
0
0
0
0
0
1
1
0
0
0
0
3
0
0
1
0
0
3
1
0
0
1
0
0
1
0
0
0
2
0
1
0
2
0
0
1
0
0
1
2
1
1
1
0
0
1
0
2
0
0
1
1
0
0
0
0
2
0
0
0
1
0
0
0
1
1
1
0
0
1
0
0
0
0
1
0
1
1
0
0
1
0
0
0
1
0
0
0
0
0
0
0
2
0
0
1
0
0
0
2
1
0
1
0
0
0
0
0
1
1
0
0
0
1
0
1
0
0
1
0
2
0
0
0
0
0
0
0
1
0
0
1
1
0
0
1
0
3
0
1
0
0
0
2
0
1
1
1
2
0
0
3
2
3
0
1
1
0
0
0
3
1
0
1
1
1
1
0
2
1
0
1
0
2
0
0
1
1
2
0
2
0
1
0
0
0
1
1
0
0
0
0
0
2
2
2
0
1
0
0
0
0
0
0
2
2
0
1
0
1
0
1
1
0
1
0
3
1
1
1
1
0
1
1
1
0
0
1
2
1
0
0
2
0
3
3
1
2
0
3
1
2
2
4
0
2
2
2
2
3
3
2
2
1
2
8
3
3
3
3
1
1
2
2
5
2
5
3
4
1
4
0
3
2
3
7
4
4
3
6
2
3
2
2
6
5
2
3
4
3
2
5
6
5
5
4
3
8
1
8
6
4
3
4
6
4
1
6
6
6
8
7
7
7
8
10
5
9
5
9
10
9
7
16
22
17
16
21
25
24
30
30
30
48
49
46
47
73
73
60
79
85
93
85
105
129
117
117
134
114
119
131
137
145
159
152
138
150
137
146
160
147
149
153
126
129
103
108
115
105
125
88
94
76
86
80
75
58
66
57
51
38
33
32
34
34
21
23
17
14
9
12
17
8
10
10
8
8
3
4
4
5
1
4
2
5
6
6
3
3
4
4
6
1
3
2
2
5
2
4
1
7
2
4
5
3
3
3
7
4
2
2
3
5
4
4
9
5
6
2
2
3
5
5
5
5
6
3
6
9
11
8
4
4
8
7
9
11
5
12
8
8
8
10
11
10
10
14
15
12
17
22
12
22
16
27
19
30
27
27
31
32
26
28
27
39
35
32
29
50
30
48
36
36
41
43
43
55
47
45
47
26
39
34
44
48
30
27
33
34
35
29
28
38
34
22
28
21
27
38
25
31
17
25
24
32
23
24
22
21
26
31
38
20
29
30
20
26
29
27
26
27
33
26
25
29
35
29
36
34
31
35
41
41
38
32
41
51
48
48
48
51
49
53
34
41
58
62
46
55
66
56
51
59
66
70
65
70
66
75
79
69
97
84
103
99
87
77
94
73
100
101
104
120
102
125
124
128
136
140
138
167
154
151
176
169
189
170
195
194
220
227
261
283
265
319
314
326
318
345
352
406
418
421
449
481
545
495
550
653
629
615
663
695
715
752
736
780
895
888
874
928
1012
1063
1032
1080
1154
1179
1232
1172
1239
1253
1339
1287
1411
1335
1376
1460
1347
1439
1426
1412
1481
1378
1385
1387
1488
1465
1431
1459
1482
1510
1483
1460
1541
1490
1491
1541
1407
1510
1487
1411
1438
1492
1549
1471
1579
1506
1547
1516
1567
1620
1564
1550
1586
1530
1511
1595
1581
1463
1430
1462
1398
1374
1338
1383
1340
1284
1262
1158
1152
1074
974
992
948
880
864
706
668
701
567
583
503
456
451
374
336
301
258
252
220
178
185
128
151
115
119
92
94
64
71
60
50
44
28
40
22
27
21
21
25
15
16
5
11
16
16
13
9
6
10
5
6
5
4
9
6
6
9
10
9
8
8
10
7
6
7
3
8
1
7
8
5
3
6
4
6
0
3
3
4
8
5
5
6
2
4
3
3
3
4
4
6
8
3
5
4
4
5
3
9
4
6
6
4
3
5
4
3
5
7
6
8
5
6
7
8
4
3
2
3
3
7
5
2
8
4
7
4
3
6
6
8
7
4
5
6
6
4
7
4
9
3
7
1
2
2
5
5
5
1
1
9
5
4
2
2
3
3
4
1
7
4
1
2
3
7
4
5
3
2
0
6
1
5
7
2
8
7
3
5
2
3
4
1
2
1
2
2
3
4
0
2
2
1
2
0
0
0
0
1
0
0
1
0
1
0
0
0
0
0
1
0
0
0
0
1
1
0
0
0
0
0
0
0
0
1
0
0
0
0
0
0
0
0
1
0
0
0
0
0
0
0
0
0
0
0
0
0
0
0
0
0
0
0
0
0
0
0
0
0
0
0
0
0
0
0
0
0
0
0
1
0
0
0
0
0
0
0
0
0
0
0
0
0
0
0
0
0
0
0
0
0
0
0
0
0
0
0
0
0
0
0
0
0
0
0
0
0
0
0
0
0
0
0
0
0
0
0
0
0
0
0
0
0
0
0
0
0
0
0
0
0