Cuentas
0
0
0
0
0
0
0
0
0
0
0
0
0
0
0
0
0
0
0
0
0
0
0
0
0
0
0
0
0
0
0
0
0
0
0
0
0
0
0
0
0
0
0
0
0
0
0
0
0
0
0
0
0
0
0
0
0
0
267
280
156
113
74
42
26
14
19
12
1
4
3
0
1
0
1
0
2
1
1
0
0
3
1
1
1
1
1
0
1
1
1
0
1
2
0
1
1
1
1
0
0
1
0
0
1
1
0
0
0
0
1
0
0
0
2
0
0
0
0
0
0
0
0
0
1
1
0
0
1
0
0
0
0
0
0
0
0
0
0
0
0
0
1
0
0
1
0
0
0
0
0
0
0
0
0
1
0
1
1
0
0
0
0
0
0
0
1
0
0
0
0
0
0
0
0
0
0
1
1
0
0
0
0
0
0
0
0
0
1
1
0
1
1
1
0
0
0
0
0
0
0
0
0
0
0
2
0
0
0
0
0
0
0
0
1
0
0
1
0
0
0
0
0
0
0
1
0
0
0
0
0
0
0
0
0
0
0
0
1
0
0
0
0
0
0
1
1
0
0
0
1
0
0
0
0
0
1
0
1
0
1
1
1
0
0
0
1
0
1
0
1
0
3
1
2
1
1
0
1
0
0
1
0
0
0
0
0
0
1
1
0
0
2
0
0
0
0
0
0
1
0
0
1
2
1
0
1
0
0
0
0
1
0
1
0
0
1
0
0
1
0
0
0
1
1
0
0
0
1
1
0
2
1
2
0
1
1
0
2
0
0
0
0
1
0
1
0
1
1
0
0
0
0
0
0
0
0
0
0
0
1
0
0
0
0
1
1
0
0
0
1
0
1
1
0
0
0
0
0
0
0
1
1
1
0
0
1
1
1
0
0
1
0
1
0
0
0
0
1
1
1
0
0
0
0
0
0
1
1
1
0
0
0
0
0
0
1
0
1
0
0
0
0
0
2
1
1
0
0
0
2
0
0
0
0
0
0
0
0
0
1
0
0
0
0
0
0
0
0
2
1
3
1
0
0
1
0
0
0
1
0
1
1
0
0
0
1
0
0
0
0
1
0
1
1
0
0
2
1
1
0
1
1
0
0
4
0
0
0
3
0
0
1
2
1
2
0
1
0
0
0
1
1
1
0
2
0
1
0
1
1
1
0
0
0
0
0
1
0
0
1
0
1
0
2
1
0
1
0
1
0
1
0
0
0
0
1
0
0
1
0
0
1
1
1
0
3
0
1
0
1
2
0
2
1
1
0
1
1
0
0
3
2
1
0
2
1
1
0
2
1
1
1
2
0
0
0
3
0
0
0
0
0
0
1
2
1
1
0
0
2
1
1
0
1
0
0
0
2
2
1
2
0
1
2
1
0
3
2
2
2
2
2
2
3
3
7
4
6
8
6
8
12
9
8
14
7
12
13
14
12
16
18
14
19
16
20
12
19
15
20
24
10
18
9
11
16
17
7
9
11
13
11
10
13
7
8
6
4
4
2
2
3
4
2
2
2
1
0
0
4
1
5
1
3
3
5
2
1
2
6
2
1
2
0
1
3
8
4
4
3
1
3
2
2
3
1
3
4
2
3
3
1
1
3
2
0
0
0
1
1
0
2
1
0
2
0
1
1
0
2
1
0
0
1
2
1
1
0
0
1
0
1
0
2
0
1
0
0
0
1
0
1
0
1
0
0
0
1
1
0
1
0
0
1
0
0
1
0
2
0
0
1
2
1
0
0
1
1
3
2
3
3
2
1
2
3
3
8
3
4
5
3
6
4
4
2
5
4
9
2
3
4
2
5
4
6
6
2
3
2
6
6
5
2
4
2
1
5
2
2
2
2
1
1
1
0
2
0
1
1
0
2
0
1
0
0
0
1
0
2
0
0
0
0
0
1
0
1
1
2
0
1
1
2
0
0
0
2
1
1
2
2
1
1
1
3
0
0
0
1
1
2
2
0
1
1
3
1
3
0
1
3
3
1
2
1
2
0
1
0
0
0
0
2
0
0
0
0
0
0
2
0
0
1
0
1
0
0
0
0
0
1
1
0
1
0
0
0
0
0
0
1
0
0
0
0
0
0
0
3
0
0
0
0
0
0
0
1
0
0
0
0
0
1
2
0
0
1
0
0
1
0
2
0
0
1
0
0
0
0
0
0
0
2
2
3
2
1
3
2
1
2
5
3
1
2
3
2
3
0
1
1
1
2
1
2
1
2
1
1
0
1
3
1
4
3
2
1
0
2
1
0
0
2
2
1
0
0
0
2
1
2
0
0
0
2
0
0
0
0
0
0
1
1
0
1
0
0
0
1
1
1
1
0
0
0
0
1
0
0
0
1
0
0
0
0
0
1
2
0
0
0
0
0
0
1
0
0
0
0
0
1
0
1
0
2
2
0
0
0
0
0
0
0
1
1
0
0
2
0
0
0
0
0
0
0
1
0
0
0
1
0
0
0
2
0
1
0
1
1
0
0
1
0
0
0
0
0
0
2
0
1
0
0
0
0
0
0
2
0
0
1
1
0
0
0
0
0
1
1
0
0
0
1
1
0
0
1
1
0
0
0
2
2
0
2
1
0
1
1
0
0
1
2
0
1
0
1
1
2
0
2
2
0
0
0
1
2
1
1
2
0
0
2
0
1
0
1
1
1
0
1
0
0
0
0
0
2
2
0
0
0
0
1
4
0
3
0
1
1
1
2
1
0
1
0
0
0
3
0
1
1
2
0
0
1
0
0
0
0
0
2
0
1
0
0
2
0
0
0
2
1
0
1
1
3
1
0
0
0
0
0
2
1
1
0
4
0
2
2
0
1
2
1
3
2
4
2
4
2
2
4
2
1
1
2
2
3
1
3
3
4
2
3
2
2
0
2
4
4
3
1
1
1
2
5
3
3
3
2
3
4
6
6
1
2
2
5
1
2
7
3
0
4
2
9
6
3
3
2
6
9
3
2
3
9
5
4
10
4
8
4
10
3
4
5
6
8
8
9
6
3
13
9
8
15
13
7
13
12
29
17
18
35
27
50
42
34
47
56
54
68
78
57
83
99
86
107
102
140
129
130
141
145
151
121
151
152
162
169
166
166
174
168
161
187
153
151
145
127
141
122
101
124
113
105
108
112
106
84
72
69
63
60
46
54
45
47
32
31
33
24
25
20
17
13
10
7
12
9
8
7
6
5
3
2
7
3
2
6
6
1
4
1
2
7
6
1
1
8
4
2
4
9
1
2
1
5
2
3
1
4
6
4
2
8
7
6
6
9
1
7
5
5
3
9
4
4
3
11
7
6
6
10
4
11
7
9
6
6
10
13
8
12
6
9
17
11
11
15
16
15
19
23
21
13
24
18
16
24
19
28
27
32
33
44
23
36
39
31
32
49
53
46
34
53
45
36
40
44
40
40
35
44
45
45
36
54
26
52
44
34
45
41
48
35
35
40
33
33
28
28
29
30
24
26
29
23
27
24
27
31
22
34
29
33
26
36
37
29
36
33
26
33
28
31
36
36
25
35
42
35
45
44
33
46
54
41
44
38
45
54
51
44
47
52
46
51
67
58
66
69
75
53
68
60
65
80
72
73
74
69
88
93
96
107
89
102
98
130
100
107
126
106
114
113
116
120
146
140
146
136
143
149
181
191
200
188
202
224
190
225
259
263
255
281
324
314
309
348
346
356
394
458
407
475
489
527
558
533
613
681
667
721
747
785
770
838
887
893
938
983
1036
1072
1090
1138
1145
1191
1227
1265
1280
1306
1301
1379
1324
1450
1439
1437
1514
1433
1454
1524
1611
1545
1550
1523
1563
1530
1593
1507
1562
1580
1549
1531
1615
1521
1576
1630
1671
1631
1721
1540
1587
1589
1587
1659
1687
1742
1658
1797
1785
1735
1787
1826
1825
1873
1950
1947
1902
1802
1923
1829
1893
1837
1882
1792
1862
1765
1804
1821
1624
1632
1549
1486
1470
1387
1284
1222
1188
1141
1089
959
890
878
800
749
666
631
523
555
473
395
372
350
272
267
222
229
185
157
128
118
115
77
95
70
67
55
57
53
35
30
33
24
13
18
21
13
12
16
11
11
11
10
7
13
10
7
5
9
10
7
5
6
5
5
5
2
3
5
6
3
2
3
2
5
4
1
4
4
4
2
2
4
3
1
4
5
1
4
2
4
0
4
5
1
3
4
3
2
2
8
5
4
7
7
4
9
4
5
3
4
5
2
9
7
4
5
7
3
4
5
7
5
7
5
8
5
8
7
7
4
4
5
4
4
6
6
6
8
2
5
5
2
2
5
8
6
3
6
7
5
6
4
4
3
3
1
1
3
4
7
6
7
5
6
5
3
0
3
1
1
1
2
5
3
4
1
1
5
6
2
2
3
3
4
3
1
0
4
1
2
3
3
2
2
1
0
1
1
1
0
2
1
0
2
1
2
0
0
0
2
0
0
0
0
0
0
1
0
0
0
0
0
0
0
1
0
0
0
0
0
0
0
0
0
0
0
0
0
0
0
1
0
0
1
0
0
0
0
0
0
1
0
0
0
0
0
0
0
0
0
1
0
0
0
0
0
1
0
0
0
0
1
0
0
0
0
0
0
0
0
0
0
0
0
0
0
1
0
0
0
0
0
0
0
0
0
0
0
0
0
0
0
0
1
0
0
0
0
0
0
0
0
0
0
1
0
0
0
0
0
0
0
0
0
0
0
0
0
0
0
0
0
0
0
0