Cuentas
0
0
0
0
0
0
0
0
0
0
0
0
0
0
0
0
0
0
0
0
0
0
0
0
0
0
0
0
0
0
0
0
0
0
0
0
0
0
0
0
0
0
0
0
0
0
0
0
0
0
0
0
0
0
0
0
0
0
279
313
195
97
75
42
30
18
12
11
7
3
3
4
2
4
2
1
2
1
1
2
1
0
1
0
1
0
1
1
1
0
1
2
0
0
0
1
0
0
0
0
0
1
0
1
0
0
2
0
0
0
2
0
1
0
0
0
0
0
0
0
1
1
0
0
0
0
1
0
2
1
0
0
0
0
1
0
0
0
0
0
0
0
0
1
0
0
1
0
0
0
0
0
0
0
0
0
0
0
0
0
0
0
0
1
0
0
0
0
2
0
0
0
0
0
0
0
1
0
1
0
1
0
0
0
0
0
0
0
0
0
0
0
0
0
0
0
0
0
0
0
0
0
0
1
1
0
0
0
2
0
0
0
0
0
0
1
1
0
2
0
0
0
0
0
0
1
0
0
0
0
0
0
0
0
0
0
0
0
0
0
0
0
1
0
0
0
0
1
0
0
0
1
0
0
0
1
0
0
0
0
0
0
1
0
2
3
0
0
1
0
2
1
2
1
0
0
4
1
1
0
1
0
1
1
3
0
1
0
0
1
3
0
1
0
0
2
0
1
1
0
2
0
0
0
0
2
0
0
0
1
0
0
1
0
1
0
0
0
1
1
2
2
0
1
0
0
0
2
3
0
1
0
2
0
0
0
1
0
1
1
1
1
1
0
1
0
1
0
0
0
1
1
0
1
0
0
1
2
1
1
1
0
0
1
1
0
1
0
0
2
0
0
0
0
2
1
1
0
1
1
0
1
0
1
2
0
0
1
2
1
1
1
0
0
2
1
2
0
0
0
0
0
1
0
2
0
1
1
1
0
0
0
0
2
2
0
1
2
2
4
0
0
0
2
2
1
3
1
0
0
1
0
0
2
1
0
0
0
0
0
1
3
0
0
0
1
0
0
0
1
0
1
0
0
2
2
1
1
0
0
0
0
0
1
0
1
1
1
0
0
0
0
2
1
0
0
0
0
1
1
0
2
1
1
0
2
2
1
1
3
0
2
1
1
1
0
0
1
1
0
1
0
3
0
1
0
4
2
1
2
4
2
1
0
0
1
0
1
2
1
0
1
1
0
0
2
1
2
0
0
1
2
0
1
0
0
1
1
0
1
0
0
0
1
1
1
2
0
0
0
0
1
0
0
0
1
1
0
0
0
0
1
1
0
1
1
0
4
3
0
1
1
2
2
1
2
2
0
1
1
3
0
2
2
3
0
1
2
1
2
1
1
1
1
1
0
0
0
1
0
1
2
4
2
1
2
2
1
5
2
3
1
3
6
1
3
5
4
3
4
14
7
4
9
16
17
8
15
15
21
16
21
19
23
19
14
24
22
22
16
22
15
26
24
19
18
19
19
26
21
10
13
9
9
8
9
10
7
6
6
5
7
6
3
5
4
3
3
1
1
4
2
5
0
2
2
7
1
2
1
6
2
4
6
4
1
8
1
2
4
2
1
4
3
6
1
0
5
1
0
2
3
3
2
2
4
0
5
2
3
3
1
0
1
2
1
4
2
3
1
4
2
1
0
2
0
1
2
0
1
0
0
2
0
1
3
1
1
1
0
0
0
1
0
0
0
0
0
0
0
1
0
0
1
1
1
0
0
0
1
0
0
0
2
0
3
0
3
2
2
1
2
2
2
1
2
2
4
2
2
5
3
3
3
9
4
3
8
3
4
5
9
3
5
6
10
3
5
3
5
6
6
4
7
4
4
6
3
2
6
1
3
1
2
0
2
1
1
1
1
1
0
1
0
0
2
1
2
0
0
1
0
0
0
2
0
0
2
2
2
1
2
1
2
2
0
1
2
2
0
0
1
2
0
0
3
1
0
2
1
0
2
2
0
0
2
1
2
0
1
1
0
2
0
3
1
2
2
1
0
2
0
0
2
0
0
0
0
0
2
2
0
1
0
0
2
0
1
0
0
1
0
0
0
0
0
0
0
0
0
0
0
0
0
1
0
0
0
1
0
1
0
0
0
0
0
0
1
1
1
0
1
0
1
2
1
0
2
2
1
0
1
0
2
3
1
0
1
1
0
4
0
3
1
1
3
2
0
1
3
2
0
2
4
4
3
2
1
1
2
2
5
3
0
2
2
2
3
1
2
4
0
1
0
1
3
2
1
2
0
2
2
1
1
1
0
3
0
1
2
1
1
1
0
2
0
1
1
0
0
1
2
1
0
0
0
0
1
2
0
1
0
0
3
0
1
1
0
1
1
3
0
0
3
0
0
1
0
1
2
0
0
0
0
1
0
0
1
2
0
1
1
0
2
1
1
0
2
0
0
0
2
0
4
1
3
1
1
1
1
0
2
3
1
2
1
0
0
3
0
2
0
1
0
0
0
1
0
0
0
0
0
1
0
0
1
0
1
0
2
0
0
0
0
2
0
0
1
2
0
2
1
0
0
1
0
1
1
0
1
0
3
0
2
0
0
3
2
1
2
3
0
0
2
0
1
1
1
1
2
1
1
0
0
2
2
1
1
0
0
1
0
1
2
2
0
1
1
3
0
0
1
2
1
1
0
0
1
2
0
0
2
0
1
1
1
0
2
0
0
1
1
1
2
1
1
2
0
1
1
3
0
0
0
1
0
1
0
3
1
0
2
0
0
0
2
1
3
4
0
2
0
1
0
0
1
0
1
3
1
1
2
0
1
1
1
2
1
3
0
1
1
2
3
4
1
1
3
3
1
3
1
0
3
5
1
3
2
2
3
1
3
2
3
2
2
4
5
3
2
1
1
4
2
3
2
4
9
2
6
3
1
4
7
2
5
5
6
6
10
9
2
5
0
5
2
5
5
5
5
5
5
8
3
4
7
5
7
3
8
6
4
4
5
2
6
5
4
6
8
2
4
6
7
5
11
7
6
6
9
7
17
7
13
16
16
16
17
8
18
21
16
25
19
26
42
36
37
49
39
47
48
56
94
81
82
92
83
100
96
126
139
139
126
152
168
172
164
168
171
151
163
167
155
153
191
142
163
152
165
140
149
133
112
125
111
109
116
82
82
90
65
72
68
60
44
42
39
37
24
30
38
24
28
25
19
11
15
16
16
12
6
12
5
9
8
9
3
7
7
6
6
4
6
9
4
5
4
2
4
1
3
7
3
3
2
2
5
3
4
7
3
5
8
4
1
6
7
3
8
6
6
3
6
7
8
8
7
9
7
8
8
3
7
8
7
11
13
10
3
15
12
8
11
6
8
11
8
17
10
14
14
20
24
18
21
20
23
22
23
26
23
24
33
41
29
28
39
35
42
42
31
47
39
34
39
42
47
54
52
55
55
48
45
47
51
36
44
44
40
37
57
40
35
37
35
31
32
41
33
29
39
29
33
42
34
33
22
33
40
26
37
29
43
27
27
34
36
33
34
38
40
39
31
35
34
34
47
36
38
35
50
42
52
41
49
40
48
48
45
47
43
61
49
78
63
52
63
70
74
68
75
60
90
66
86
88
62
85
84
86
77
80
88
92
98
102
108
108
121
117
119
125
110
115
104
125
139
160
135
163
168
199
187
187
189
216
223
193
217
256
241
274
266
293
318
303
354
357
400
403
401
459
452
484
523
582
589
573
630
697
699
737
776
818
869
902
916
932
991
1056
1073
1072
1104
1206
1236
1174
1347
1331
1338
1380
1428
1450
1463
1522
1527
1539
1629
1660
1647
1616
1633
1651
1640
1670
1725
1705
1717
1776
1802
1772
1743
1763
1697
1854
1946
1841
1844
1977
2030
2037
2088
2149
2221
2326
2445
2477
2603
2585
2757
2796
2889
2992
3070
3142
3210
3247
3413
3437
3533
3632
3571
3809
3845
3697
3738
3727
3723
3581
3550
3561
3327
3421
3225
3204
2981
2902
2794
2609
2539
2346
2184
2121
1951
1800
1723
1554
1430
1284
1168
1072
950
889
799
666
646
575
509
407
380
321
280
260
232
195
143
146
112
90
85
76
72
56
39
48
29
28
24
26
23
20
16
17
12
13
9
4
8
4
13
5
6
2
7
7
3
3
5
3
2
2
2
8
2
3
6
3
1
4
4
2
3
3
5
1
0
3
2
5
5
7
2
2
1
2
4
9
4
6
3
4
6
5
9
2
3
3
3
5
4
5
2
5
6
4
3
7
2
8
9
5
3
8
6
5
2
3
12
1
11
2
7
6
3
3
8
3
3
5
3
4
2
6
5
10
5
2
5
4
1
2
2
4
1
3
2
2
2
4
0
3
2
5
2
4
3
7
5
2
5
4
3
7
2
6
1
6
1
6
2
7
3
7
4
4
0
2
1
4
3
1
2
4
2
1
2
2
2
3
2
2
0
2
1
1
1
3
2
0
0
0
0
0
1
0
0
0
0
0
0
1
0
0
0
0
1
0
0
0
0
0
0
0
0
0
0
0
1
0
0
1
0
0
0
0
0
0
0
0
0
1
1
0
0
0
0
0
0
0
0
0
0
0
0
0
0
0
0
0
0
0
0
0
0
0
0
0
0
0
0
0
0
0
0
0
0
0
0
0
0
0
0
1
0
0
0
0
0
1
0
0
0
0
0
0
0
0
0
0
0
0
1
0
0
0
0
0
0
0
0
1
0
0
1
0
0
0
0
1
0
0
0
0
0
0
0
0
1