Cuentas
0
0
0
0
0
0
0
0
0
0
0
0
0
0
0
0
0
0
0
0
0
0
0
0
0
0
0
0
0
0
0
0
0
0
0
0
0
0
0
0
0
0
0
0
0
0
0
0
0
0
0
0
0
0
0
0
0
0
268
305
184
112
63
42
18
23
13
7
4
4
2
0
4
3
1
0
1
2
0
3
1
0
1
1
0
1
1
1
1
0
0
0
0
0
1
0
1
1
1
0
1
0
0
0
0
0
0
1
1
0
0
0
1
0
0
0
0
0
0
0
0
0
0
0
2
1
0
0
1
0
0
0
0
0
3
0
0
1
0
0
0
0
0
0
0
2
0
0
1
0
0
0
2
1
0
0
0
0
0
0
0
0
0
0
0
0
0
0
0
0
1
0
0
0
0
1
0
0
0
0
0
0
1
0
1
0
0
1
0
0
0
0
0
0
0
0
0
0
0
0
1
0
0
1
0
0
0
0
1
0
0
0
1
0
0
0
0
0
0
0
0
0
1
0
0
1
0
0
0
0
0
1
0
0
1
2
0
0
0
1
0
0
0
0
2
0
0
0
0
0
1
0
1
0
0
2
0
0
0
0
0
0
1
0
0
0
0
2
1
0
1
0
2
0
0
1
0
1
1
0
0
0
1
2
1
1
0
0
0
0
0
0
2
2
0
1
2
0
0
1
1
1
0
1
0
0
0
1
0
1
0
0
1
1
2
1
0
1
2
1
1
0
1
2
0
1
2
2
0
0
0
1
1
1
0
0
0
1
0
0
0
0
1
1
1
1
0
0
0
1
0
1
2
1
0
0
0
1
0
0
1
3
1
0
0
0
0
0
0
0
0
1
0
1
0
0
0
0
1
0
2
1
0
0
2
0
0
1
1
1
2
0
0
0
1
0
0
0
1
1
0
1
0
0
0
0
2
1
0
0
1
0
2
1
0
1
2
0
1
0
1
0
2
0
1
4
0
0
0
0
2
1
0
0
0
0
1
1
1
0
0
1
1
0
2
0
1
3
0
1
1
1
0
0
0
0
0
0
0
0
1
1
3
1
1
1
1
0
1
0
0
0
1
3
0
0
0
1
3
2
0
1
1
0
0
1
1
0
0
0
2
0
0
0
0
0
0
4
1
3
1
0
3
0
1
1
0
3
1
0
1
1
2
1
0
0
0
0
0
1
1
0
0
0
0
0
0
0
1
1
1
3
3
3
0
1
1
0
0
0
1
1
1
3
0
0
0
1
0
1
1
0
1
1
0
1
1
2
1
2
2
0
1
2
1
5
0
2
0
1
1
0
1
2
2
0
1
1
0
0
1
0
1
1
2
1
1
1
0
0
0
0
1
0
1
0
0
1
2
0
0
0
2
2
1
3
2
1
0
3
1
1
1
3
2
2
2
4
7
7
9
11
7
12
7
10
15
15
19
12
23
17
30
17
24
17
19
18
32
20
31
22
27
36
25
23
21
20
13
10
16
13
6
14
13
13
9
9
6
10
7
3
3
2
3
3
2
5
5
3
2
3
2
2
1
2
7
0
4
1
1
2
6
7
3
4
3
5
3
2
2
5
5
1
1
1
1
5
3
1
4
3
4
4
1
0
2
2
4
2
0
1
5
1
2
2
1
0
2
1
2
1
1
0
1
1
1
1
1
0
1
1
2
0
1
0
0
0
2
0
2
1
1
2
1
0
1
0
0
0
1
0
0
1
1
1
1
0
1
3
0
0
1
0
2
0
1
1
0
1
0
3
6
5
4
3
3
6
3
4
3
3
4
4
5
5
6
6
6
8
6
6
6
6
8
10
4
7
6
5
5
6
6
5
10
5
1
3
1
3
4
2
1
0
4
2
3
4
0
1
0
1
2
1
0
2
0
0
0
0
0
0
1
1
0
1
0
0
1
0
1
0
0
1
0
2
0
1
1
2
0
0
1
1
2
0
2
1
1
3
2
0
2
0
1
1
0
0
0
3
1
0
1
1
0
1
0
0
0
0
3
1
2
0
2
1
0
1
0
1
1
0
0
2
1
0
1
0
0
0
1
2
0
1
0
1
0
0
1
0
2
0
0
1
0
2
0
1
1
0
0
0
0
0
1
0
1
1
1
1
0
0
0
0
0
0
0
0
2
0
2
1
0
2
1
0
2
1
4
0
1
0
0
3
1
3
3
1
4
4
2
2
4
1
0
3
4
3
2
3
1
3
1
3
2
1
2
4
4
3
0
1
2
2
1
4
0
0
0
3
2
2
1
0
1
3
1
1
0
2
1
1
1
2
1
2
3
0
0
0
0
0
0
0
1
1
1
0
1
0
0
0
0
3
0
1
0
1
2
1
1
1
0
2
0
0
0
0
0
0
0
1
0
1
0
1
0
3
2
3
3
1
2
2
0
1
0
0
2
0
1
1
1
1
0
0
1
0
0
0
1
1
0
0
1
2
1
0
2
0
0
1
1
0
0
0
0
0
1
1
1
0
0
0
0
0
1
0
0
0
2
0
1
2
2
1
3
1
0
0
0
0
0
2
0
1
2
0
0
2
0
0
0
0
4
1
0
0
1
1
0
0
1
0
0
1
1
0
1
1
0
2
0
1
0
2
1
3
1
1
0
1
1
1
1
4
2
0
2
0
4
2
0
1
0
0
1
0
2
0
3
1
0
1
2
1
1
0
2
1
1
0
3
0
1
1
0
0
0
0
1
1
3
0
1
1
1
1
1
1
1
2
0
1
5
0
1
1
1
1
0
1
2
3
3
1
1
2
0
0
0
1
0
1
1
0
3
0
1
0
1
0
0
2
1
2
3
1
0
3
3
1
1
8
1
7
1
1
4
3
2
3
4
3
3
5
4
2
2
5
7
2
5
2
2
0
6
5
5
3
6
4
2
5
5
4
3
4
1
7
3
1
4
5
6
11
2
4
7
4
5
5
2
4
5
3
8
7
7
1
2
3
5
8
5
7
11
8
3
3
4
8
7
2
6
6
6
7
9
8
9
12
7
14
10
11
13
22
16
17
25
20
23
28
26
31
39
47
45
55
51
61
75
63
72
99
98
108
124
117
101
122
124
134
167
157
137
145
188
179
174
160
170
177
172
187
154
148
145
161
134
132
142
142
125
128
104
92
93
103
79
73
68
48
45
41
44
33
36
31
35
20
33
17
17
17
17
15
12
5
16
6
16
6
5
4
5
4
7
8
3
4
1
4
4
7
3
3
4
5
0
4
1
4
1
7
6
6
8
6
4
7
8
5
7
5
15
4
5
5
11
4
7
9
5
9
6
8
10
8
13
4
11
8
7
6
11
2
7
8
3
11
8
2
12
13
10
14
10
11
10
16
22
10
20
17
17
25
24
23
27
26
28
25
27
31
29
40
28
41
36
41
47
39
46
45
52
48
41
44
42
51
46
47
51
47
59
51
48
42
50
51
53
58
42
39
36
40
35
26
30
31
36
34
41
33
32
34
35
35
44
35
31
34
28
39
33
51
32
49
39
45
34
32
39
50
36
49
40
38
40
36
44
51
50
58
55
57
59
65
70
59
61
53
70
67
63
69
89
84
57
81
86
79
96
59
105
90
115
90
102
89
105
94
98
122
104
109
119
132
123
144
124
142
139
155
175
161
167
189
204
216
197
183
232
223
214
273
261
282
275
311
298
334
326
384
387
448
437
432
498
493
516
570
589
585
671
624
717
715
732
791
801
844
924
993
948
1007
1075
1123
1227
1184
1253
1283
1268
1267
1389
1435
1538
1454
1528
1500
1638
1673
1534
1674
1722
1725
1743
1751
1774
1810
1789
1826
1814
1847
1759
1711
1814
1821
1810
1820
1822
1777
1774
1834
1842
1845
1937
1910
1956
2013
2027
2022
2057
2028
2116
2243
2317
2316
2321
2458
2477
2435
2606
2645
2689
2761
2844
2820
2800
2939
2804
2823
2859
2838
2878
2765
2758
2640
2626
2597
2590
2343
2332
2318
2162
2063
2040
1792
1827
1712
1577
1381
1350
1287
1093
1100
985
873
804
681
635
559
483
451
387
344
309
319
248
215
199
174
163
123
107
85
76
71
59
62
41
30
34
20
22
19
11
10
19
13
10
16
9
6
9
7
4
7
3
4
2
6
5
7
7
8
5
9
3
3
4
2
2
5
7
5
5
2
1
6
7
6
3
2
4
6
4
3
8
3
10
5
3
5
8
3
7
4
9
1
5
3
3
7
4
7
6
6
7
5
5
2
7
6
5
5
7
9
2
4
5
7
5
5
3
4
5
7
5
7
5
10
8
1
5
6
8
3
9
5
6
2
3
5
3
3
3
4
6
5
2
3
3
3
6
6
5
6
2
3
3
2
3
3
5
4
5
6
2
4
4
6
4
7
2
2
0
4
5
3
3
2
0
2
7
9
3
0
1
3
2
0
3
1
1
0
0
1
0
0
0
0
2
0
1
0
1
0
0
0
0
0
0
1
0
0
0
0
0
0
1
2
1
1
1
0
0
0
0
0
0
0
0
0
0
0
0
0
0
0
0
0
0
0
0
0
0
0
0
0
1
0
0
0
0
0
0
0
0
0
0
0
0
0
0
0
1
0
0
0
0
0
0
0
0
0
0
0
0
0
0
0
0
0
0
0
0
0
0
0
1
0
0
0
0
0
0
0
0
0
0
0
0
0
0
0
0
0
0
0
0
0
0
0
1
1
0
0
0
0
1
0
0
0
0
0
0
0
0
0
0
0
0
0
0
0