Cuentas
0
0
0
0
0
0
0
0
0
0
0
0
0
0
0
0
0
0
0
0
0
0
0
0
0
0
0
0
0
0
0
0
0
0
0
0
0
0
0
0
0
0
0
0
0
0
0
0
0
0
0
0
0
0
0
0
0
0
237
245
136
97
71
32
24
9
10
7
1
2
1
2
0
0
1
1
0
0
1
2
2
2
0
2
2
0
0
0
0
1
0
1
1
0
0
0
0
1
1
1
1
2
0
0
0
0
0
1
0
0
0
0
3
2
0
1
1
0
0
1
0
1
1
1
0
0
0
0
0
0
0
0
0
0
0
0
0
1
0
0
1
0
3
0
1
1
0
0
1
0
0
0
0
0
1
0
1
0
0
0
0
0
0
0
0
0
1
0
1
0
0
0
0
0
0
0
0
0
0
0
1
0
0
0
0
0
1
1
0
0
0
0
1
0
1
0
1
0
0
0
0
0
1
0
0
1
1
0
0
0
1
0
0
0
0
0
0
0
1
1
1
0
0
0
0
2
0
0
1
0
0
1
0
1
0
0
0
0
0
0
1
0
1
0
0
0
0
0
0
1
0
0
0
0
1
1
0
0
0
1
1
0
0
1
1
0
0
0
0
0
0
1
2
0
0
0
1
1
0
1
2
0
0
1
0
1
0
1
0
1
1
0
0
1
0
0
1
0
0
0
1
0
0
1
1
0
0
2
0
1
0
2
0
0
0
3
2
0
1
1
1
1
0
3
0
0
0
0
1
5
1
0
1
1
2
0
2
1
1
2
0
0
1
0
2
0
1
0
0
0
1
0
0
0
2
0
0
1
1
0
0
0
0
0
0
0
0
0
0
0
1
0
0
0
0
0
1
0
0
1
2
0
0
0
0
0
0
2
1
0
1
0
0
2
1
3
0
1
0
0
0
0
0
0
0
0
0
0
0
2
0
1
0
0
0
0
0
0
1
0
0
0
0
0
1
1
1
1
2
0
4
0
1
1
0
1
0
0
0
0
0
2
0
0
1
0
0
0
0
0
1
0
0
1
0
0
1
0
2
0
0
1
1
0
0
1
2
0
0
0
1
0
0
1
1
0
0
1
0
0
1
2
2
0
2
0
1
1
0
0
1
1
1
0
1
0
0
2
0
0
2
1
1
0
3
0
0
2
1
0
0
0
0
1
1
1
0
2
0
0
1
0
3
2
0
2
2
1
0
0
1
1
0
0
3
2
0
0
0
3
0
0
1
1
0
0
0
1
0
0
0
3
2
0
0
0
0
0
0
0
2
2
3
1
0
2
2
0
2
1
2
0
1
3
2
1
1
2
0
2
2
1
1
1
0
1
1
1
2
1
0
0
0
4
0
2
0
2
1
1
0
2
1
2
1
1
0
1
1
2
2
2
6
4
4
2
5
5
7
7
13
7
15
9
14
21
22
19
20
19
23
29
24
22
38
26
23
23
25
22
25
18
31
19
23
29
26
22
22
13
17
16
14
23
18
10
9
7
10
5
5
5
13
8
5
4
4
2
2
2
1
3
2
0
1
5
2
2
5
2
4
2
0
3
3
3
5
4
6
2
2
7
3
2
1
1
1
0
5
0
3
1
1
6
1
1
3
2
3
2
1
2
3
1
3
2
0
0
1
1
1
2
0
1
1
0
0
0
0
1
1
0
0
0
0
0
0
0
0
0
0
2
2
0
0
1
0
0
3
1
0
1
1
0
0
0
0
0
1
0
2
2
0
2
1
2
2
3
1
0
3
0
2
2
0
3
2
5
6
6
7
4
9
5
2
4
7
7
9
3
6
5
7
6
11
9
3
4
10
8
5
8
2
6
1
7
6
3
4
7
3
5
1
3
0
0
2
1
1
2
2
1
2
0
0
1
0
0
0
2
1
1
0
1
2
2
1
1
0
0
0
0
0
3
0
0
0
1
0
3
1
2
1
0
1
3
1
2
2
1
2
1
4
2
2
2
2
2
4
3
1
0
0
3
1
0
2
0
3
1
1
1
1
1
0
1
0
0
2
1
0
0
0
1
1
1
0
0
0
1
0
0
0
0
1
0
1
0
0
0
0
2
0
0
0
0
0
0
1
0
1
0
1
1
1
2
0
0
1
1
0
0
0
0
0
1
0
0
1
1
2
2
1
0
3
0
0
1
0
0
0
3
4
3
1
1
2
3
1
4
4
3
2
4
1
4
2
2
2
0
3
1
4
2
1
2
5
0
2
3
0
3
3
2
2
1
1
4
2
0
2
2
1
1
1
0
0
0
4
1
0
0
1
1
1
0
0
0
0
0
1
1
1
1
2
1
1
2
1
3
0
1
0
1
0
2
0
0
0
0
2
1
1
0
0
2
0
0
0
1
0
0
0
0
1
2
1
1
0
1
1
1
1
0
0
1
1
1
0
2
0
0
1
0
1
0
1
2
1
0
1
0
2
1
1
0
1
1
0
1
0
0
0
0
0
1
0
0
1
0
1
0
0
1
0
0
0
2
0
0
0
1
1
1
0
0
0
0
0
0
0
2
0
1
2
1
1
1
0
0
1
1
2
2
1
1
2
1
1
1
0
3
1
2
1
0
1
1
2
2
1
1
2
2
0
2
2
0
0
0
1
2
2
1
1
0
0
2
1
0
3
0
0
1
2
3
1
1
4
3
2
1
5
0
0
0
0
1
0
1
0
1
1
0
1
1
2
0
0
3
1
1
0
0
3
3
1
1
1
0
2
2
0
0
2
1
1
0
1
0
0
1
1
0
1
2
0
0
1
2
2
1
0
0
0
0
1
3
1
2
1
5
1
3
1
1
1
0
1
0
3
2
2
4
2
2
3
3
4
6
3
6
2
3
5
5
1
1
2
3
2
6
6
2
7
3
3
2
3
3
3
7
8
3
7
4
3
8
2
3
5
5
1
3
5
4
4
7
2
3
6
7
7
8
4
8
6
3
3
9
3
5
1
6
8
11
7
7
3
5
4
7
4
5
5
4
5
8
4
11
3
10
9
8
10
5
14
8
10
18
22
11
35
28
35
27
49
42
47
48
50
60
78
88
66
74
82
101
124
121
121
124
125
145
121
155
170
156
166
172
193
170
185
146
160
151
151
160
171
163
155
137
147
127
153
124
99
114
96
93
95
66
76
61
51
62
41
56
44
31
48
18
29
24
15
14
13
11
10
6
7
7
11
4
3
5
7
6
3
6
2
7
4
9
4
4
6
5
5
5
4
6
7
2
3
5
9
5
8
4
4
10
4
4
7
6
3
4
6
4
5
4
9
6
8
2
4
11
5
9
13
8
13
6
4
10
8
5
10
9
11
8
8
10
9
13
19
11
17
16
20
14
24
17
23
15
18
29
27
29
27
25
32
25
42
35
27
34
45
35
41
47
61
45
35
50
52
53
49
54
52
54
54
58
53
43
54
54
54
49
48
35
45
55
48
40
44
33
43
41
43
47
38
26
43
37
41
35
40
24
31
44
32
33
40
40
49
46
36
37
32
46
44
56
41
59
42
52
38
41
56
56
51
70
59
72
62
43
54
68
79
57
72
61
64
66
58
65
81
76
91
84
62
111
87
70
76
102
80
104
96
101
124
138
107
125
137
128
115
133
130
142
150
166
167
164
190
193
174
195
217
211
220
203
232
239
270
273
283
289
316
326
318
409
354
361
428
470
504
502
521
566
603
616
690
693
727
789
843
877
856
899
923
1000
1008
990
1124
1134
1130
1285
1282
1356
1394
1368
1425
1427
1449
1558
1555
1591
1596
1611
1608
1659
1730
1750
1769
1759
1699
1855
1802
1818
1785
1883
1801
1827
1765
1738
1780
1856
1800
1773
1737
1756
1716
1756
1700
1698
1673
1729
1649
1681
1693
1730
1697
1744
1748
1751
1777
1723
1875
1736
1865
1858
1891
1834
1938
1981
1936
2002
2010
1972
1928
1974
1921
1890
1864
1940
1952
1776
1727
1751
1747
1578
1535
1469
1475
1364
1300
1274
1177
1082
1045
947
884
787
762
702
626
561
498
473
454
405
369
303
269
209
237
193
162
137
129
93
100
89
75
60
47
38
31
39
29
23
22
21
19
22
14
19
8
8
9
11
12
15
9
4
8
9
4
5
7
5
6
7
3
3
3
4
4
3
4
2
3
2
2
6
3
4
5
4
8
4
4
5
4
5
4
5
7
3
4
6
4
4
9
3
5
6
3
4
8
4
8
12
6
4
6
7
6
6
3
5
4
5
5
4
4
7
5
8
7
4
7
6
7
5
4
6
6
4
6
3
4
3
5
3
6
2
9
4
4
0
3
6
4
6
4
4
3
7
5
5
5
4
2
1
6
4
6
5
4
4
5
3
3
9
1
3
6
5
8
5
4
3
5
4
5
2
4
6
4
2
2
2
2
1
1
2
0
4
2
1
3
2
1
2
0
0
0
2
2
2
0
0
2
0
0
1
0
0
1
0
0
0
1
0
0
1
1
0
1
0
0
1
0
0
0
0
0
1
0
0
0
1
0
0
0
1
0
0
0
1
0
0
0
0
0
0
0
0
0
0
1
0
0
0
0
0
0
0
0
0
0
0
0
0
0
0
1
0
0
0
0
0
0
0
0
0
0
0
0
0
0
0
0
0
0
0
0
0
0
0
0
0
0
0
0
0
0
0
0
0
0
0
0
0
0
0
0
0
0
0
0
0
0
0
0
0
0
0
0
0
0
0
0
0
0
0
0
0
0
0
0
0
0
0