Cuentas
0
0
0
0
0
0
0
0
0
0
0
0
0
0
0
0
0
0
0
0
0
0
0
0
0
0
0
0
0
0
0
0
0
0
0
0
0
0
0
0
0
0
0
0
0
0
0
0
0
0
0
0
0
0
0
0
0
0
234
259
166
101
51
44
19
10
9
8
5
3
1
1
3
1
0
2
1
0
0
0
1
0
1
0
0
0
1
0
2
0
0
1
0
0
0
0
0
0
0
0
1
0
0
2
1
0
0
0
0
1
1
1
1
1
0
2
0
0
1
0
1
0
0
1
0
1
0
1
0
0
0
0
1
0
0
0
0
0
0
0
0
0
0
1
0
0
1
0
0
0
0
1
0
0
0
1
1
0
0
0
0
0
0
0
0
0
0
0
0
0
0
0
0
0
1
2
0
0
0
1
0
0
0
0
0
0
1
1
0
1
0
0
0
0
0
0
0
1
0
0
0
1
1
0
0
0
0
0
0
0
0
1
1
0
0
0
0
1
1
0
0
0
0
0
0
0
0
0
0
1
0
0
0
0
0
0
0
0
0
0
0
0
0
0
0
0
0
0
0
0
0
0
2
0
0
1
0
0
0
2
1
0
0
1
0
0
1
2
1
4
1
0
0
2
2
1
0
0
0
1
2
0
1
0
1
0
1
2
0
0
1
0
0
0
0
2
0
1
1
0
0
0
1
0
0
2
1
0
0
1
0
0
0
0
3
0
0
1
1
2
0
0
0
1
0
2
0
1
1
0
0
1
2
0
1
2
1
0
0
1
1
0
1
1
3
0
0
0
1
0
2
1
0
0
0
2
1
1
1
1
1
0
1
0
0
1
0
1
1
2
1
0
2
0
1
3
0
1
1
0
1
1
1
1
0
1
0
0
2
0
1
0
0
0
3
4
1
1
0
0
0
1
0
0
2
0
0
1
0
0
0
0
0
0
1
0
0
2
0
1
0
0
0
2
0
0
3
1
0
0
1
1
1
1
1
1
0
0
0
1
1
0
1
0
1
1
2
0
0
0
1
1
0
0
0
0
2
1
1
0
2
2
2
1
1
1
0
0
2
2
0
0
0
1
1
2
0
1
0
1
1
3
1
1
3
1
0
1
0
1
0
1
0
0
1
1
0
1
0
1
3
0
1
2
0
0
0
1
3
0
0
0
0
1
0
1
1
1
0
1
2
1
5
2
1
0
0
1
1
0
3
1
1
1
3
1
0
0
0
0
2
1
0
0
1
1
0
0
1
2
0
1
1
2
1
1
1
1
2
3
0
2
3
3
0
1
1
2
0
0
0
2
0
2
3
3
4
3
1
2
2
0
1
2
1
2
3
0
1
1
1
0
1
1
1
1
3
0
0
1
1
1
2
0
1
2
3
4
3
3
2
7
5
3
3
8
7
10
11
5
9
16
10
11
20
16
17
19
32
29
30
22
15
26
25
25
29
32
29
25
34
24
28
25
27
25
30
26
26
15
23
20
12
11
16
8
12
12
14
8
5
9
4
6
10
6
4
3
2
3
5
4
3
2
2
2
3
4
2
0
7
5
5
5
5
7
5
6
5
4
8
5
2
7
4
5
8
1
3
4
2
1
2
5
5
1
4
0
2
1
3
1
1
2
1
0
0
1
0
0
2
1
3
0
1
1
0
1
1
0
0
0
2
2
0
2
0
1
0
1
2
0
1
2
0
1
0
0
1
2
0
1
1
0
1
0
1
1
0
0
0
0
1
2
0
2
1
0
1
1
5
1
2
4
5
2
5
1
6
2
3
7
7
8
5
5
8
10
9
5
16
11
6
6
8
8
5
4
5
5
13
5
7
5
2
5
4
7
4
2
7
3
6
5
1
1
1
1
4
2
0
1
0
1
1
1
0
0
1
0
3
1
1
0
1
0
1
1
0
0
1
2
2
0
2
1
0
1
0
2
2
2
1
0
1
0
0
1
0
1
1
1
1
2
2
0
0
1
1
2
1
1
1
3
3
1
0
0
1
2
2
0
0
1
0
1
1
1
1
1
0
1
0
0
2
0
0
0
1
0
1
1
0
0
0
1
0
1
1
0
0
0
0
0
1
0
0
1
0
0
0
0
0
1
0
0
0
0
0
1
0
0
1
0
0
0
0
0
1
1
2
1
1
0
1
1
0
2
1
2
1
3
5
2
0
2
0
5
1
1
4
3
1
2
1
3
4
3
4
1
1
4
2
2
3
3
3
2
1
4
0
0
2
2
1
0
1
1
3
3
1
1
2
2
1
2
2
1
0
3
0
1
2
0
1
3
1
1
0
1
1
1
0
0
0
0
2
0
2
0
1
0
0
0
0
0
0
0
0
0
0
0
1
0
0
0
0
0
0
1
1
1
0
2
1
2
0
0
1
1
0
4
0
2
0
0
0
1
1
1
1
0
0
0
2
0
1
0
1
2
1
1
0
0
1
1
0
3
1
1
3
1
0
1
0
0
3
0
1
0
1
1
0
2
1
1
0
0
0
0
0
0
1
0
0
2
0
0
2
1
0
2
1
2
0
1
1
1
0
0
0
0
1
1
1
1
1
1
2
1
0
2
2
1
1
0
2
1
2
0
0
1
2
1
0
0
0
1
1
1
0
0
0
0
0
1
1
1
2
2
1
0
1
1
0
2
1
1
1
0
1
0
2
0
1
2
2
1
0
0
3
1
0
1
1
0
2
0
0
1
1
0
2
0
4
2
0
0
2
0
0
2
0
2
1
2
1
1
0
1
2
2
1
1
1
2
1
2
2
2
1
2
3
2
3
0
1
0
4
2
2
2
1
2
0
4
4
3
0
3
0
3
3
2
1
4
2
4
3
3
3
4
2
5
2
6
3
3
2
5
1
6
5
2
8
5
6
4
6
2
3
10
2
0
6
7
1
3
4
5
2
3
3
3
3
5
7
5
5
6
5
3
8
11
10
7
8
11
7
7
8
9
4
3
8
5
8
4
5
3
6
4
11
6
6
8
8
7
7
17
9
13
11
8
12
15
13
17
9
19
25
26
19
35
31
38
46
39
50
41
52
51
49
75
84
78
100
108
100
113
117
151
117
147
129
154
153
147
159
189
192
165
173
161
177
175
167
174
163
163
184
116
128
144
150
98
113
110
99
78
85
90
74
75
54
61
49
39
35
39
32
24
17
25
27
15
19
12
11
8
8
12
14
3
12
8
6
6
8
7
10
3
3
5
3
3
6
9
2
6
5
1
2
8
6
9
6
6
6
7
8
5
1
9
4
11
10
16
3
11
8
3
6
7
11
10
11
14
4
10
10
10
7
7
11
11
13
14
17
13
8
5
7
14
7
15
17
13
17
15
19
14
29
21
25
22
29
16
22
24
26
27
29
37
20
40
45
52
41
37
50
47
41
40
51
38
45
55
62
61
54
54
44
54
56
63
42
57
58
58
48
50
46
44
50
49
40
49
41
39
32
42
34
41
36
46
47
51
41
42
37
34
47
41
48
36
38
38
45
35
41
56
45
46
51
43
46
70
68
42
63
55
59
67
57
58
66
73
70
66
77
77
82
74
87
76
88
83
85
95
67
99
99
89
95
110
96
112
113
110
118
110
116
112
143
119
152
140
139
146
159
147
156
193
177
164
200
183
198
199
239
229
253
265
256
308
292
320
301
358
403
380
382
426
391
432
488
531
540
552
577
650
690
719
692
718
838
816
884
901
937
910
1059
1070
1188
1203
1229
1217
1347
1355
1362
1382
1513
1501
1539
1542
1572
1637
1728
1728
1729
1783
1800
1795
1861
1765
1832
1829
1864
1837
1891
1891
1986
1882
1883
1856
1900
1906
1826
1892
1948
1884
1868
1839
1838
1849
1864
1844
1798
1966
1910
1956
1961
1979
2046
2043
2083
2089
2147
2240
2314
2339
2395
2483
2578
2539
2654
2592
2621
2756
2813
2767
2799
2788
2863
2780
2765
2738
2624
2698
2584
2516
2470
2491
2282
2198
2148
2046
1879
1849
1731
1566
1538
1394
1314
1193
1060
1005
925
851
775
733
659
561
501
448
388
327
304
259
217
202
170
155
121
132
95
89
83
55
64
41
29
46
21
25
27
20
14
13
14
11
5
5
6
7
3
5
7
5
3
8
7
8
8
11
2
10
3
4
11
7
4
4
4
6
3
8
4
3
4
2
2
7
7
0
5
7
10
4
2
7
4
4
5
3
4
4
3
6
10
9
8
4
6
5
10
9
7
3
4
6
4
5
4
7
3
8
2
8
5
3
6
6
3
6
4
8
3
4
6
5
6
5
11
3
4
7
5
7
2
3
3
3
5
5
4
4
4
2
4
5
2
1
3
6
5
3
4
3
4
5
6
6
1
5
5
2
7
4
2
4
6
5
3
5
6
4
2
4
1
3
7
4
2
2
3
0
3
1
3
2
1
5
0
3
1
1
1
1
3
4
0
1
0
0
1
1
0
0
1
0
0
0
0
0
0
0
0
2
0
0
0
0
0
1
0
0
0
0
0
0
0
0
0
0
0
0
0
0
0
0
0
0
0
0
0
0
0
0
0
0
0
0
0
0
0
0
0
0
0
1
0
1
0
0
0
0
0
0
0
1
0
1
0
0
0
0
0
0
0
0
0
0
0
0
0
0
0
0
0
1
0
1
0
0
0
0
0
0
0
0
0
0
0
0
0
0
0
0
0
0
1
0
0
0
0
0
0
1
1
0
0
0
0
0
0
0
1
0
0
0
0
0
0
0
0
0