Cuentas
0
0
0
0
0
0
0
0
0
0
0
0
0
0
0
0
0
0
0
0
0
0
0
0
0
0
0
0
0
0
0
0
0
0
0
0
0
0
0
0
0
0
0
0
0
0
0
0
0
0
0
0
0
0
0
0
0
0
248
265
189
109
71
37
34
17
13
3
4
2
2
1
0
1
0
1
2
0
0
0
0
0
1
0
0
2
0
0
1
0
0
2
1
0
1
2
1
1
1
1
0
0
1
1
0
2
0
0
1
0
1
0
0
0
0
0
1
1
0
0
0
0
0
0
0
0
0
1
1
0
1
0
1
0
3
0
1
0
2
0
0
0
0
0
0
1
0
0
0
0
1
0
1
0
1
0
0
0
0
0
0
2
0
0
0
1
0
0
0
0
1
0
0
0
0
0
0
1
0
2
1
0
0
0
0
0
0
0
0
0
1
1
1
0
0
1
0
0
0
0
0
1
3
0
0
1
0
0
0
0
1
1
0
0
0
1
0
0
0
0
0
1
1
0
0
0
0
0
0
0
0
0
0
0
1
0
1
0
0
1
0
0
0
0
0
0
0
0
1
1
0
0
0
0
1
0
1
0
0
0
0
3
1
1
1
0
3
0
0
0
1
0
1
2
0
0
1
1
1
1
0
0
0
1
0
1
1
0
0
0
0
0
0
0
1
0
0
0
0
0
0
0
0
0
0
1
1
0
0
0
1
2
0
1
0
0
1
0
1
0
1
0
1
0
3
0
1
0
1
0
1
0
0
1
1
0
1
1
0
0
1
0
2
0
2
0
0
0
2
0
3
0
2
2
0
2
0
0
0
0
1
0
0
0
2
0
0
0
3
0
0
1
1
0
0
0
1
0
0
0
1
1
0
1
1
1
0
1
1
0
0
0
0
1
2
1
1
1
1
0
0
0
1
0
1
1
0
0
0
0
0
0
0
1
0
1
0
0
2
0
1
0
2
0
1
0
0
0
1
0
1
1
1
2
2
3
2
0
0
1
0
0
0
2
0
1
2
2
0
0
0
0
0
0
0
1
1
0
0
0
1
0
1
0
0
1
1
0
1
0
0
1
1
1
1
1
1
0
0
1
3
1
1
0
1
0
1
0
2
2
2
2
0
1
0
1
2
1
2
1
0
1
1
2
0
3
0
0
3
4
0
1
0
2
0
2
1
0
0
1
1
2
0
2
2
0
3
0
2
1
0
2
2
1
1
1
0
3
2
0
0
2
2
2
1
2
2
0
1
0
1
1
1
1
0
1
4
2
2
2
3
2
0
4
0
1
3
3
1
0
1
1
3
0
0
3
1
0
1
3
0
1
1
1
0
2
0
1
2
2
2
1
3
2
2
1
3
0
1
0
0
1
1
2
2
3
2
5
3
2
5
2
3
3
7
5
9
9
14
8
17
12
14
12
16
17
14
33
30
31
29
46
32
34
40
24
39
43
55
50
36
31
29
42
42
41
37
28
22
31
27
27
16
13
26
22
16
13
8
13
12
14
9
5
6
5
3
9
11
0
6
5
4
4
4
5
6
5
2
5
3
8
6
4
5
6
8
8
5
6
15
3
9
4
6
5
4
4
4
2
2
4
3
3
2
2
3
0
4
2
1
0
3
2
1
0
3
1
2
2
2
1
0
0
1
2
0
1
0
0
0
0
0
0
0
1
1
1
1
2
1
2
1
0
0
0
0
3
0
0
1
0
0
0
1
0
1
1
0
0
3
3
1
2
2
1
2
1
1
2
3
1
1
3
0
4
3
5
5
5
4
6
10
3
5
7
6
4
3
10
6
11
10
9
9
9
12
5
8
12
5
9
8
8
5
5
5
5
6
1
5
1
0
5
0
4
1
1
0
2
0
0
1
0
3
0
0
1
1
0
0
0
1
2
1
0
2
0
0
0
1
0
0
0
5
0
1
1
0
2
0
1
0
0
2
4
0
0
2
1
3
2
0
2
2
1
0
2
2
3
0
1
2
0
0
0
1
1
3
0
0
1
0
1
1
1
0
0
0
0
1
1
0
1
0
1
0
0
0
0
1
0
0
2
0
1
0
0
1
1
0
0
0
0
1
0
0
0
0
1
0
0
0
0
0
0
0
0
0
0
0
0
0
0
1
1
0
0
1
0
1
1
2
1
0
0
2
0
1
5
3
5
4
2
0
1
2
1
2
2
2
5
3
5
3
4
3
3
4
1
2
2
2
3
1
2
5
2
0
3
2
1
3
2
0
2
3
0
0
1
2
4
1
1
0
0
0
2
0
1
1
0
0
1
0
1
1
3
1
1
0
2
0
2
0
2
2
0
0
0
2
0
0
1
1
0
1
1
0
0
0
0
2
0
0
0
1
1
2
0
1
0
1
4
0
3
1
0
1
1
1
1
0
2
3
1
1
0
0
4
0
1
3
2
1
1
2
1
1
1
1
3
0
0
0
1
0
1
2
1
0
0
0
0
0
1
1
0
0
0
0
0
2
0
0
0
0
0
0
0
1
0
0
6
0
0
0
0
2
0
0
0
0
0
0
0
1
0
1
0
1
1
1
0
0
1
1
1
0
1
2
0
2
0
2
0
0
1
0
1
2
1
2
2
0
3
0
4
2
1
0
3
1
0
1
1
0
2
0
0
3
1
1
1
0
2
0
2
2
1
0
1
0
1
0
1
0
1
1
1
0
1
1
2
2
0
0
0
1
0
1
0
1
1
1
3
0
0
1
0
2
0
1
0
0
0
0
2
0
1
1
2
4
0
1
0
1
1
1
0
2
1
0
2
0
2
3
1
2
3
0
4
2
4
1
2
1
0
2
2
5
3
0
1
3
3
4
3
2
0
2
2
4
5
3
4
7
3
4
3
3
4
5
6
5
5
3
6
5
8
5
4
9
5
5
1
2
4
4
3
17
8
8
5
7
5
6
2
3
6
5
3
3
7
8
6
9
2
4
8
5
8
4
4
9
6
4
7
7
8
1
5
9
6
6
7
7
6
6
8
4
8
12
12
10
9
13
17
12
17
26
29
30
22
23
30
37
47
45
48
40
50
75
67
82
77
112
109
99
101
112
131
134
122
137
181
165
177
181
165
171
162
173
192
172
171
150
157
166
154
175
129
139
145
117
110
105
105
96
81
88
76
70
64
54
52
59
38
34
47
38
33
16
18
18
14
18
9
10
9
9
9
13
10
6
7
6
9
2
6
4
1
2
2
4
6
5
8
10
4
6
7
4
6
9
6
7
8
12
5
7
6
14
8
9
6
11
3
6
4
11
6
9
9
9
14
10
6
9
9
5
4
7
9
17
9
4
14
12
15
14
11
15
17
14
15
14
18
15
14
15
18
21
22
17
24
24
27
27
21
21
28
26
33
29
41
41
40
38
47
39
48
41
46
66
54
53
56
53
57
59
64
57
53
64
52
44
53
60
50
59
53
50
61
51
69
41
35
46
39
45
50
25
50
41
37
44
47
44
51
40
44
48
48
44
50
46
43
64
48
46
60
56
61
44
42
51
70
60
57
54
59
70
74
74
72
63
63
80
77
75
69
83
86
96
84
83
82
98
98
106
91
88
110
110
121
111
115
134
138
121
117
144
145
158
151
135
161
163
161
167
172
180
160
196
214
219
250
234
225
255
285
295
303
305
318
349
334
391
371
397
392
472
429
475
505
539
590
553
619
649
717
754
768
770
871
889
948
1006
988
1092
1120
1172
1236
1266
1366
1308
1378
1325
1440
1497
1495
1582
1629
1674
1718
1779
1726
1743
1891
1904
1847
1903
1904
1960
1925
1992
2010
1990
1977
1961
1988
1913
1998
1959
1953
1872
1910
1940
1897
1907
1918
1834
1819
1790
1756
1755
1738
1763
1770
1789
1774
1771
1696
1732
1746
1849
1775
1810
1816
1916
1862
1837
1838
1859
1947
1908
1950
2018
1980
1941
1997
1952
2101
1993
1963
1882
1887
1927
1906
1916
1746
1732
1625
1569
1521
1430
1386
1216
1247
1117
1105
1093
944
931
800
774
668
597
601
513
435
398
363
305
292
294
222
216
189
177
142
113
106
99
71
53
71
53
42
44
34
39
38
19
20
15
14
5
11
14
9
13
11
5
2
8
6
10
8
4
5
4
6
4
6
8
6
8
6
5
8
3
3
3
5
4
5
7
4
8
4
3
5
6
5
11
9
6
4
3
5
13
7
4
6
6
5
8
2
11
11
2
7
3
4
8
8
4
6
8
7
8
6
6
3
6
6
5
4
5
5
5
4
8
8
7
8
6
8
2
7
5
14
4
4
0
4
7
5
2
2
4
4
3
0
4
3
4
9
1
5
2
6
6
1
3
5
3
8
6
7
5
8
6
4
9
8
5
6
3
3
6
8
10
3
7
9
6
4
6
4
6
4
8
4
4
3
4
2
2
5
4
6
2
0
3
2
4
4
1
0
2
2
3
3
3
0
0
1
0
0
3
0
0
0
0
0
1
1
0
0
0
0
0
0
1
0
0
0
1
0
0
0
0
1
0
0
0
0
0
0
0
0
0
0
1
0
0
0
0
0
0
0
0
0
0
0
0
0
0
0
0
0
0
0
1
0
1
0
0
0
0
0
0
0
0
0
0
0
0
0
0
0
0
0
0
0
0
0
0
0
0
0
0
0
0
1
0
0
0
0
0
0
0
0
0
1
0
0
0
0
0
0
0
0
0
0
0
0
0
0
0
0
0
0
0
0
0
0
0
0
0
0
0
0
0
0