Cuentas
0
0
0
0
0
0
0
0
0
0
0
0
0
0
0
0
0
0
0
0
0
0
0
0
0
0
0
0
0
0
0
0
0
0
0
0
0
0
0
0
0
0
0
0
0
0
0
0
0
0
0
0
0
0
0
0
0
0
336
355
254
138
100
49
49
13
11
6
12
6
6
2
2
2
1
0
0
0
0
0
3
0
0
1
0
0
1
0
0
1
0
0
0
0
0
0
2
0
0
1
0
1
1
0
0
1
0
1
0
0
0
0
0
0
0
0
0
0
0
0
0
1
0
1
0
0
0
0
0
0
1
0
0
0
0
0
0
0
0
1
0
0
0
0
0
0
0
0
0
0
0
1
0
0
0
0
0
0
0
0
0
0
0
0
1
0
0
0
0
0
0
0
0
0
1
0
0
0
0
0
0
0
1
0
0
0
0
0
0
0
0
0
0
1
0
1
0
0
0
0
0
0
0
0
0
1
0
1
0
0
1
0
0
1
0
0
0
0
0
0
0
0
0
0
0
0
1
0
1
0
0
0
1
0
1
0
0
0
0
0
0
0
0
1
0
0
0
0
0
2
0
0
0
0
1
0
0
0
0
0
0
0
0
0
1
1
0
1
1
0
0
0
0
1
0
0
0
0
0
0
0
0
0
0
0
0
1
1
0
0
0
0
0
0
0
1
1
0
0
0
0
0
0
0
0
0
1
1
0
0
0
0
0
0
2
0
0
1
0
1
0
0
1
1
1
0
1
0
0
0
0
0
0
0
1
0
0
0
1
0
0
0
1
1
0
0
0
0
0
1
0
0
0
0
0
0
1
0
0
0
0
0
0
0
0
0
0
0
1
0
0
0
1
0
0
0
0
0
0
1
1
0
0
0
0
0
0
0
0
0
0
0
0
0
0
0
1
1
0
0
0
0
0
0
0
2
2
0
2
0
0
0
1
0
1
0
0
1
0
0
1
1
1
0
0
0
0
0
1
1
0
1
0
0
0
0
0
0
0
2
0
0
0
0
1
1
0
1
1
1
1
1
0
0
0
1
0
1
0
1
0
0
1
1
0
1
0
0
1
0
0
0
0
1
0
1
1
1
0
0
0
1
0
1
0
0
0
1
0
0
0
0
1
0
0
0
0
0
0
0
0
2
0
0
1
0
0
0
1
0
0
0
1
1
0
0
1
2
1
0
0
2
1
1
0
0
1
0
0
1
0
0
0
1
0
0
1
1
0
1
0
1
1
0
0
0
0
0
0
0
2
0
0
0
0
1
0
0
0
0
1
1
1
0
0
2
2
1
0
0
0
1
1
0
0
0
0
0
0
0
0
1
1
0
0
1
0
2
0
1
1
0
0
0
0
0
1
0
1
0
0
1
0
1
1
1
0
1
1
1
1
3
7
2
3
1
1
3
1
2
8
6
6
4
3
7
12
8
13
11
15
10
21
7
13
7
12
12
13
21
14
13
11
9
11
12
13
11
8
8
12
11
6
5
4
10
3
5
3
2
4
5
1
1
2
2
1
2
4
2
3
5
1
1
2
1
3
1
2
4
1
2
0
4
1
0
2
2
4
3
1
3
3
6
2
5
3
3
1
3
1
3
1
0
0
2
1
1
3
0
1
1
0
2
0
0
0
3
0
0
2
0
0
1
0
0
0
0
0
0
0
1
0
0
1
1
0
0
0
1
0
0
0
0
0
0
0
0
1
0
0
0
0
1
1
0
0
0
0
1
1
0
1
0
1
0
0
0
0
1
2
1
1
1
2
1
0
4
0
1
4
3
0
1
1
2
1
2
2
2
4
0
0
1
5
3
1
5
5
2
0
2
2
0
2
0
1
3
1
0
0
2
3
0
0
0
1
0
0
1
2
2
0
1
2
0
0
1
1
0
0
0
1
0
0
0
0
0
0
0
0
0
1
1
1
0
1
0
0
0
0
2
1
1
1
2
1
0
0
0
1
0
0
2
1
1
1
0
0
0
0
0
0
2
0
0
0
0
1
0
0
0
1
0
0
1
0
0
1
0
0
0
0
0
2
0
0
1
1
0
0
0
1
1
1
0
0
1
0
1
1
0
1
0
1
1
0
0
0
0
0
1
0
0
0
1
0
0
0
1
0
0
0
0
0
1
1
0
0
0
0
0
2
1
0
0
0
0
1
0
1
0
0
1
0
2
1
0
3
2
1
1
1
1
2
0
1
3
3
3
1
1
1
0
1
0
4
0
0
1
0
1
0
3
1
1
0
1
0
0
0
1
1
2
0
0
0
1
0
0
0
0
0
1
0
2
0
1
0
0
1
0
1
0
1
1
0
0
1
0
2
1
0
0
2
0
1
2
1
0
0
0
0
0
0
0
0
2
0
0
0
0
0
0
0
0
1
0
2
0
2
1
0
0
1
0
1
0
0
0
0
3
0
1
0
0
0
0
0
0
0
0
0
1
0
2
1
0
0
1
0
1
1
0
0
0
2
1
0
0
0
0
0
0
1
1
0
0
0
0
1
0
0
0
0
0
1
0
2
2
0
0
0
0
0
1
0
1
0
1
2
1
1
0
1
0
0
1
1
0
0
1
0
0
1
0
1
0
1
1
0
0
0
0
3
0
2
1
0
0
0
0
0
2
1
0
1
0
0
0
1
1
0
1
0
0
1
0
1
0
2
0
2
0
0
1
0
0
0
0
1
0
0
2
1
0
1
0
0
0
0
0
1
0
1
0
0
0
0
0
0
1
2
0
1
0
1
1
1
0
0
0
0
2
2
0
0
0
0
0
1
0
0
1
1
0
0
2
2
1
2
1
0
0
3
1
3
3
0
1
1
3
1
1
4
1
1
0
1
3
2
2
1
1
3
2
3
1
1
2
2
0
0
1
1
0
1
2
1
1
0
0
2
2
2
1
2
3
1
3
5
1
3
1
4
1
1
0
1
4
4
2
3
2
0
1
3
1
4
1
5
3
1
7
3
2
4
1
6
3
8
6
2
4
4
5
4
4
2
6
6
7
7
11
9
12
9
12
8
15
22
21
17
22
28
27
27
43
27
46
37
55
46
61
64
75
62
78
93
87
85
92
115
109
112
106
118
125
138
131
105
148
135
120
131
140
131
128
121
122
125
113
93
108
89
102
96
90
67
72
59
57
47
48
54
46
34
34
37
26
23
21
21
16
15
14
12
11
7
11
7
4
5
9
3
7
0
2
7
0
3
0
4
2
0
1
3
2
3
5
0
1
0
1
1
1
0
1
3
1
1
1
1
4
1
2
3
0
0
0
2
1
3
1
3
5
2
0
2
3
4
1
6
3
3
4
2
1
2
5
3
7
3
7
2
0
5
10
9
8
7
8
14
7
11
7
11
16
20
14
16
8
15
14
17
18
25
20
28
29
23
29
29
28
29
30
34
37
42
31
30
38
40
34
31
27
37
28
29
26
23
28
21
32
25
23
21
19
21
21
24
12
15
16
15
12
13
10
14
13
12
19
15
10
11
6
7
13
14
19
11
11
10
11
9
13
8
9
12
10
17
12
14
20
19
11
12
12
14
17
12
16
16
19
26
23
19
18
16
22
23
21
21
20
23
31
29
23
39
15
34
32
29
42
40
42
28
28
34
42
34
44
43
46
50
49
48
52
46
63
53
58
63
54
62
59
77
59
53
71
77
75
72
70
62
71
68
100
96
109
95
105
93
130
121
117
125
116
126
122
136
143
143
179
169
172
206
173
223
214
227
266
273
270
305
337
321
370
377
386
418
435
465
451
516
579
597
614
668
706
745
821
742
876
850
948
978
1024
1039
1016
1135
1116
1203
1303
1320
1351
1421
1416
1457
1522
1614
1633
1738
1762
1864
1761
1832
1953
2020
2011
2102
2156
2177
2307
2295
2408
2271
2333
2423
2398
2458
2537
2543
2386
2478
2425
2371
2274
2311
2240
2245
2081
2138
2040
1861
1723
1831
1697
1649
1534
1420
1266
1240
1127
1090
986
846
848
790
724
617
570
499
416
416
364
353
284
256
199
195
177
155
114
121
93
88
65
58
52
36
39
38
43
19
26
20
19
22
11
13
10
7
6
7
8
3
6
3
5
6
2
3
4
3
3
7
3
4
1
4
5
1
6
3
0
1
4
1
3
1
3
4
1
2
1
1
0
4
4
1
0
3
5
1
0
2
3
2
0
4
2
2
3
4
0
3
1
4
2
1
1
5
3
4
2
5
2
6
2
3
2
5
4
3
1
3
5
5
3
3
3
5
2
6
2
4
3
3
2
3
4
5
10
4
6
10
11
6
11
5
2
3
8
8
6
5
7
7
6
6
8
7
6
10
6
8
6
11
4
12
7
6
10
7
5
6
8
5
7
6
2
6
5
8
7
7
2
3
0
4
3
4
0
0
3
1
2
2
3
0
1
2
5
0
0
1
0
0
1
1
0
0
1
1
1
0
0
1
0
0
1
0
0
0
0
0
0
0
0
0
0
0
0
0
0
0
0
1
0
0
0
0
0
1
0
1
0
0
0
0
0
0
0
0
0
0
0
0
0
0
0
0
0
0
0
0
0
0
0
0
1
0
0
0
0
0
0
0
0
0
0
0
0
0
0
0
0
0
0
0
0
0
0
0
0
0
0
0
0
0
0
0
0
0
0
0
0
0
0
0
0
0
0
0
0
0
1
0
0
0
0
0
0
0
0
0
0
0
0
1
0
0
0
0
0
0
0