Cuentas
0
0
0
0
0
0
0
0
0
0
0
0
0
0
0
0
0
0
0
0
0
0
0
0
0
0
0
0
0
0
0
0
0
0
0
0
0
0
0
0
0
0
0
0
0
0
0
0
0
0
0
0
0
0
0
0
0
0
259
258
165
118
73
39
26
19
9
7
5
3
3
2
1
0
0
1
0
0
1
2
0
1
1
0
0
0
0
1
0
0
0
0
1
0
0
0
2
0
0
0
0
0
0
0
0
0
0
1
0
0
0
1
0
0
0
0
0
0
0
0
0
0
0
0
0
1
0
0
0
0
1
0
0
0
0
0
0
0
0
0
1
0
0
0
0
0
0
0
0
0
1
0
0
0
0
0
0
0
0
0
0
0
0
1
0
0
0
0
0
0
0
0
0
0
0
1
0
0
0
0
0
0
1
0
0
0
0
0
0
0
0
1
0
0
0
0
0
0
1
0
0
0
0
1
0
0
0
0
0
0
1
0
0
0
1
0
0
0
0
0
0
0
0
0
1
1
0
0
0
0
0
0
0
0
0
0
1
0
0
0
0
0
0
0
0
0
1
0
0
1
0
0
0
1
0
1
0
0
0
0
1
0
0
0
1
1
0
0
1
2
0
0
3
1
0
1
0
0
1
1
0
0
1
0
0
0
1
3
0
0
0
0
0
1
0
0
0
1
0
0
0
0
0
0
0
0
0
0
0
0
0
0
0
0
0
0
1
0
0
0
0
0
0
2
0
0
1
0
1
0
0
0
0
2
0
1
0
0
0
0
0
0
0
0
0
1
0
0
0
0
0
1
0
0
0
1
0
1
0
0
0
0
1
0
0
0
0
0
0
0
0
0
1
0
1
1
0
0
0
0
0
0
0
1
0
0
0
1
1
0
0
1
0
0
0
0
0
0
1
0
0
0
0
1
1
0
1
0
2
1
0
0
0
0
0
0
0
0
0
1
0
1
0
1
0
0
0
0
0
1
2
1
0
0
1
0
0
0
0
0
0
0
0
0
0
1
0
1
0
0
0
1
0
1
0
1
0
1
0
0
0
0
0
1
0
1
0
1
1
0
0
1
0
0
0
0
1
0
1
2
2
0
0
1
1
0
0
0
1
0
1
1
1
0
0
0
0
0
0
0
0
0
1
1
0
0
1
0
1
0
1
1
0
0
1
0
1
0
2
0
0
0
0
1
0
1
0
0
0
0
0
0
0
0
2
0
0
1
1
0
0
0
0
1
0
0
0
1
0
1
0
0
0
0
0
0
0
0
1
0
0
2
1
0
0
2
1
0
1
1
0
4
0
2
2
0
1
2
0
0
1
0
1
0
3
1
1
2
1
1
1
0
1
0
0
0
0
0
0
1
1
0
1
0
0
1
0
0
1
2
1
0
4
1
4
4
0
2
3
3
4
7
4
8
7
9
11
9
6
10
9
14
11
11
14
15
16
19
19
16
13
7
14
16
11
16
14
9
11
9
4
4
11
10
6
5
2
4
5
3
2
2
3
1
1
1
1
1
1
2
2
0
5
1
0
2
2
4
2
3
5
1
2
1
1
3
2
2
0
1
3
2
1
1
1
4
0
1
2
3
1
3
5
3
1
0
1
1
2
0
0
0
2
1
3
0
2
0
0
0
0
1
0
0
0
0
0
1
0
0
0
0
0
0
0
0
1
0
0
0
0
0
0
0
0
0
0
0
0
0
0
1
1
1
0
1
1
0
0
0
1
0
0
1
0
0
0
0
1
0
0
0
0
1
0
0
0
1
3
5
0
1
5
0
0
1
2
2
0
6
1
2
2
4
4
4
2
2
2
1
0
0
2
2
0
2
3
2
3
3
4
5
1
1
2
0
1
1
0
1
0
1
0
0
0
1
1
1
0
0
0
0
0
1
0
0
0
0
0
0
0
0
0
0
2
0
0
0
1
2
1
1
0
0
0
1
0
1
2
0
1
0
0
1
0
2
1
0
0
1
0
2
1
1
1
2
0
0
0
0
1
1
0
0
1
0
0
0
0
0
0
0
0
0
0
1
0
0
0
0
0
1
2
0
0
1
0
0
0
0
0
0
0
0
0
0
1
0
0
1
1
0
0
0
0
1
0
1
0
1
1
0
0
1
1
0
0
0
2
0
1
0
0
1
0
0
0
2
1
1
3
1
1
0
0
0
3
1
1
2
0
2
1
0
0
1
2
1
2
0
0
2
2
0
1
1
0
0
1
0
1
1
1
1
0
0
2
1
1
3
1
0
1
0
0
1
0
0
0
1
1
0
1
0
1
0
0
0
0
0
0
2
1
0
0
1
0
2
0
0
0
0
0
0
0
0
0
0
1
1
1
1
2
0
1
0
0
0
0
0
0
0
1
0
0
1
0
0
0
1
2
0
1
2
0
1
0
1
1
0
0
0
1
1
0
0
0
1
1
0
1
0
1
0
0
0
1
0
1
0
1
0
0
0
0
0
1
0
2
0
0
0
0
0
0
2
0
0
0
0
2
0
0
0
1
1
0
0
0
1
0
0
0
3
0
0
2
1
1
0
1
0
0
1
0
0
2
0
1
0
1
1
3
0
1
0
0
0
0
1
0
2
0
1
2
0
1
0
0
0
1
0
0
1
1
1
1
1
0
0
0
0
1
0
1
0
1
1
0
1
0
0
0
1
1
0
1
2
0
3
0
0
1
1
1
1
2
0
0
0
0
1
0
1
0
0
0
0
0
2
1
0
1
0
1
1
0
0
0
0
0
2
1
0
0
1
0
0
0
1
0
1
0
0
1
0
1
0
0
1
0
0
0
0
2
1
1
1
1
1
0
1
3
0
2
1
1
1
1
0
4
3
1
1
2
3
2
1
3
0
2
1
3
0
1
1
1
0
2
2
2
2
2
2
4
3
3
2
3
1
3
2
1
0
0
2
3
1
2
2
1
1
3
4
2
1
0
1
1
3
4
4
4
1
7
5
3
4
3
5
4
6
0
4
5
8
5
4
6
4
3
4
8
13
6
12
11
14
15
12
13
17
29
24
25
19
29
30
34
46
46
43
52
59
56
63
82
70
88
92
87
93
97
117
113
134
129
132
123
134
142
128
127
123
132
116
139
136
120
146
107
137
110
96
84
92
73
65
88
85
73
59
54
46
61
38
30
45
39
27
17
18
13
14
9
14
7
7
5
9
4
7
4
4
2
5
2
3
1
4
1
1
3
4
4
1
3
2
2
2
4
1
4
2
1
0
3
3
1
2
0
2
3
3
1
2
1
1
0
4
3
2
5
3
1
6
3
3
2
5
0
5
3
4
3
5
4
5
2
4
5
7
4
9
7
9
4
7
3
7
7
9
4
11
10
3
14
8
15
14
21
18
13
16
22
23
22
24
19
24
29
27
35
40
33
31
24
30
41
33
26
48
27
35
33
32
44
32
34
27
24
27
26
31
21
15
25
19
18
25
19
18
22
12
8
16
15
14
11
13
8
10
8
14
13
14
14
18
7
11
16
11
6
14
9
18
16
14
13
15
17
16
8
7
20
16
18
15
25
17
20
17
19
24
26
22
21
29
24
24
20
28
14
24
32
27
29
24
32
34
39
33
37
32
36
32
35
32
38
47
50
44
59
44
43
51
56
57
50
50
57
57
42
60
64
70
64
69
72
69
89
59
79
96
82
61
85
93
97
108
116
99
117
132
137
141
123
138
137
178
159
183
188
190
222
227
235
286
272
266
269
319
311
307
360
362
380
397
432
453
480
539
534
558
582
607
665
700
680
770
811
769
824
831
908
1017
956
976
1015
1060
1097
1107
1132
1263
1205
1228
1313
1349
1274
1437
1413
1472
1501
1432
1518
1546
1615
1586
1638
1691
1615
1657
1735
1750
1764
1794
1730
1745
1771
1736
1764
1787
1731
1749
1690
1664
1630
1622
1621
1518
1541
1422
1419
1347
1353
1281
1213
1136
1096
1024
957
918
831
758
684
664
621
509
531
481
408
345
349
292
269
233
218
156
166
126
136
119
111
93
81
71
59
31
41
32
28
22
25
22
16
11
15
9
10
12
7
4
0
7
4
10
8
4
4
7
2
4
6
5
4
8
3
0
4
3
2
4
5
2
3
2
7
1
1
2
7
2
4
2
3
2
0
1
3
4
0
0
4
3
2
5
4
1
2
3
2
3
3
4
2
1
4
5
4
2
3
1
6
5
1
3
5
4
3
5
3
3
3
5
4
8
5
4
1
4
5
6
7
2
3
3
3
4
3
2
4
2
1
7
3
2
10
4
2
5
4
2
4
5
3
4
7
5
5
8
5
3
5
1
4
5
2
3
8
5
2
4
4
6
3
5
1
2
1
3
4
2
2
0
1
1
2
1
2
2
4
2
1
1
1
4
2
2
1
2
0
2
0
3
0
1
2
0
0
0
0
0
2
0
0
0
0
0
0
0
1
0
0
0
0
0
0
0
0
0
0
0
0
1
0
0
0
0
0
0
0
0
0
0
0
0
0
0
0
0
0
0
0
0
0
0
0
0
0
0
0
0
0
0
0
0
0
0
0
0
0
0
0
0
0
0
0
0
0
0
0
0
0
0
0
0
0
0
0
0
0
0
0
0
0
0
0
0
0
0
0
0
0
0
0
0
0
0
0
0
0
0
0
0
0
0
0
0
0
0
0
0
0
0
0
1
0
0
0
0
0
0
0
0
0
0
0
0