Cuentas
0
0
0
0
0
0
0
0
0
0
0
0
0
0
0
0
0
0
0
0
0
0
0
0
0
0
0
0
0
0
0
0
0
0
0
0
0
0
0
0
0
0
0
0
0
0
0
0
0
0
0
0
0
0
0
0
0
0
0
0
0
0
0
0
0
4
9
5
7
4
4
5
3
0
2
3
3
2
3
1
3
0
0
4
1
3
1
3
3
1
0
0
2
1
1
3
1
1
2
0
1
1
1
0
1
0
1
1
0
3
0
2
2
0
2
0
1
0
0
0
0
1
0
0
0
0
1
2
0
0
0
0
1
0
1
0
0
1
2
0
0
1
0
0
0
0
0
0
1
1
0
0
0
0
1
2
0
0
1
2
0
1
0
1
2
0
0
0
1
0
0
0
0
0
0
0
0
0
0
2
2
0
1
0
1
0
0
0
3
0
4
0
0
0
1
0
1
0
1
1
1
1
0
0
0
0
1
0
0
2
1
0
1
0
0
0
0
1
0
0
0
0
0
1
0
0
0
0
0
0
0
2
0
0
0
0
1
1
1
0
0
1
1
1
0
1
1
1
0
1
0
0
0
3
2
1
1
0
2
1
1
2
2
1
1
0
0
0
0
4
3
4
2
4
3
0
2
3
0
2
0
2
2
0
1
2
2
2
2
1
3
0
1
2
0
0
0
2
2
2
1
1
0
1
2
0
0
0
0
0
1
0
1
6
0
2
1
2
1
1
2
4
1
3
6
0
2
1
1
3
3
1
1
1
2
0
2
1
1
1
0
0
2
1
0
1
1
1
1
1
1
0
1
0
0
1
1
1
1
2
0
1
1
1
0
0
2
0
0
1
2
0
2
0
1
3
0
3
3
1
1
4
0
5
3
0
1
1
2
0
1
1
0
0
1
0
2
1
1
0
1
2
4
2
2
3
0
0
3
2
2
1
2
1
0
0
4
1
1
1
1
0
1
0
0
1
1
4
1
1
1
0
3
1
4
0
0
0
2
3
0
0
1
2
3
1
2
1
2
0
1
0
4
1
1
1
0
1
3
1
2
0
2
5
0
1
2
1
3
0
4
1
1
2
2
2
2
1
2
2
5
1
1
3
1
0
0
0
2
1
2
3
2
1
5
3
2
3
3
1
2
2
3
2
2
1
1
3
1
1
2
0
3
1
1
5
1
5
0
4
2
1
2
5
2
1
4
1
2
4
2
2
2
3
4
3
2
2
1
1
1
0
3
3
2
2
1
0
3
5
3
2
2
0
1
0
2
2
4
3
0
2
0
4
0
3
2
2
1
1
1
5
0
2
1
4
1
3
0
4
1
5
2
1
1
2
3
1
3
1
2
0
1
2
4
0
4
1
4
2
7
4
3
5
8
3
3
6
6
8
3
6
13
7
13
10
9
25
17
30
28
37
33
47
46
51
45
53
54
71
63
65
75
76
75
78
76
91
83
64
71
94
84
70
73
62
79
71
60
47
49
42
47
33
28
29
36
26
21
15
19
14
13
7
9
15
10
9
10
5
8
6
4
6
6
8
5
7
10
10
9
4
18
9
11
12
8
9
11
12
12
12
15
8
15
6
13
12
8
5
1
6
2
3
4
5
8
4
2
1
1
2
3
1
3
3
3
1
2
2
1
0
3
2
1
2
5
3
0
0
2
1
0
0
1
1
0
0
3
2
0
2
1
0
2
1
1
2
1
0
0
2
0
3
0
0
1
1
1
2
3
0
1
2
2
1
2
0
3
0
0
0
1
1
3
1
1
0
1
2
1
2
5
3
3
4
2
4
5
2
5
3
2
3
2
6
2
6
6
2
3
2
2
2
3
5
2
4
3
0
2
6
1
1
3
3
1
1
3
1
0
0
1
1
2
0
2
0
1
0
2
0
2
0
1
1
0
0
1
1
0
0
1
0
1
1
1
1
5
0
0
1
0
1
3
0
1
0
0
2
1
4
2
0
0
0
2
3
0
3
1
4
2
0
0
0
0
1
0
2
1
2
2
1
0
0
1
1
0
1
2
2
1
1
0
1
1
0
2
4
2
0
2
2
1
2
3
1
1
1
1
2
1
0
2
0
2
1
0
1
1
0
0
1
0
1
0
4
0
1
1
2
1
4
1
1
0
1
1
2
0
1
4
3
0
0
0
2
1
1
1
0
2
1
0
2
1
1
2
0
1
0
1
0
1
2
2
1
1
0
0
1
4
0
0
0
2
2
1
0
2
2
2
1
0
0
0
2
1
0
0
1
0
1
1
0
0
1
1
2
1
3
2
1
0
0
0
1
0
2
0
1
0
1
1
0
0
2
0
0
0
0
1
2
2
0
0
1
2
0
0
1
0
1
1
0
1
0
2
0
0
2
1
2
0
1
0
0
1
1
0
1
0
0
0
0
1
0
1
3
0
2
3
1
2
0
2
3
0
3
2
1
0
3
0
0
2
2
2
3
0
1
0
2
1
1
1
0
0
0
1
1
1
0
1
0
1
0
0
0
1
0
1
1
1
1
0
0
3
0
1
1
1
0
1
0
0
1
0
0
2
0
3
0
1
0
0
1
0
0
0
1
3
1
3
2
1
1
1
1
1
3
1
1
1
1
0
1
2
0
2
1
1
1
1
0
2
1
2
2
0
1
5
0
2
1
4
2
2
1
0
1
1
1
2
0
1
3
1
2
2
1
0
2
1
1
0
0
1
1
2
1
1
1
0
1
1
1
0
2
1
2
0
3
1
3
2
2
3
1
0
2
1
4
1
2
1
1
0
3
0
0
0
0
2
0
3
1
1
1
1
0
3
0
3
1
2
1
0
1
0
0
0
1
0
2
1
1
1
0
1
1
2
3
1
4
3
1
0
1
3
0
6
0
3
2
0
1
2
0
1
1
4
3
2
2
4
4
3
4
3
3
6
2
3
2
3
4
4
7
4
6
2
2
4
4
7
1
4
2
0
8
5
3
4
4
3
2
7
3
10
4
7
7
14
11
5
10
7
13
14
12
15
9
17
12
15
16
17
19
16
23
19
25
23
29
20
26
25
28
39
24
31
27
24
23
24
23
23
28
28
38
18
25
25
21
34
24
12
14
25
9
21
21
15
15
8
21
13
10
13
11
9
11
7
8
8
9
10
5
7
7
7
6
5
4
6
3
4
6
1
3
5
4
5
5
4
6
5
4
7
2
2
3
4
3
2
2
3
2
2
6
3
3
2
4
2
9
0
4
6
4
5
5
4
6
5
4
4
3
1
5
7
5
9
3
8
1
2
8
7
5
6
3
8
5
7
4
3
5
6
9
7
1
5
4
7
9
8
7
11
6
6
7
8
9
8
7
9
7
4
11
7
7
4
8
7
11
4
10
12
12
12
11
16
11
13
12
18
12
4
10
12
15
12
13
12
12
13
10
12
9
14
9
13
13
18
12
14
12
17
15
24
13
17
17
11
14
21
16
17
23
17
15
25
14
17
18
14
14
23
17
25
16
20
22
23
27
20
25
23
18
19
32
10
19
18
33
19
22
21
22
25
18
17
31
21
29
35
27
32
28
31
36
26
33
30
25
40
25
39
38
38
38
46
33
33
42
43
47
40
41
38
39
41
46
60
54
46
53
52
61
69
63
78
58
72
68
65
79
79
89
95
95
86
93
94
91
97
91
105
103
130
128
118
122
143
140
148
158
180
161
204
197
212
238
232
220
237
267
278
278
282
301
326
319
345
389
379
376
374
384
416
421
442
495
463
514
497
473
504
569
523
519
557
569
630
625
630
639
722
696
722
758
777
859
838
953
977
1074
1074
1173
1279
1492
1541
1736
1836
1956
2224
2460
2698
2974
3340
3530
3872
4156
4607
4868
5385
5799
6261
6538
7182
7333
7938
8258
8507
9202
9511
9673
10250
10321
10428
10799
10771
11072
11202
11238
11238
11341
10976
10961
10658
10247
10083
10002
9445
9104
8778
8272
7935
7636
7060
6448
6209
5633
5285
4746
4381
4108
3737
3441
3008
2722
2440
2088
1978
1702
1453
1266
1122
960
899
778
636
532
461
399
354
291
236
215
173
159
111
118
72
76
52
44
40
40
31
15
25
15
14
10
8
9
6
8
4
5
3
4
1
3
6
4
4
3
4
3
2
1
2
3
2
1
3
2
0
0
5
2
3
5
2
3
2
0
3
2
3
2
3
1
1
2
5
1
4
3
2
2
0
2
1
0
1
1
2
1
3
3
2
4
2
1
3
0
4
3
2
3
3
3
1
1
2
4
0
0
1
2
2
2
2
1
4
3
4
1
4
3
4
0
1
4
1
1
0
0
4
1
1
4
1
4
4
3
0
1
4
4
1
3
3
7
4
2
1
3
3
5
6
5
2
2
0
6
3
5
6
4
7
3
1
4
1
0
3
6
3
2
0
1
4
1
4
0
1
2
2
1
0
0
1
1
1
0
0
2
0
1
1
0
0
1
0
0
0
0
0
0
0
0
0
0
1
0
0
0
0
0
1
0
0
0
0
0
0
0
0
0
0
0
0
0
0
0
0
0
0
0
0
1
0
0
0
0
0
0
0
0
1
0
0
0
0
0
0
0
0
0
0
0
0
0
0
0
0
0
0
0
0
0
0
0
0
0
0
0
0
0
0
0
0
1
0
1
0
1
0
0
1
0
0
0
1
0
0
0
1
1
0
0
2
0
1
0
1
0
0
2
1
0
3
3
2
1
4
1
2
2
1
2