Cuentas
0
0
0
0
0
0
0
0
0
0
0
0
0
0
0
0
0
0
0
0
0
0
0
0
0
0
0
0
0
0
0
0
0
0
0
0
0
0
0
0
0
0
0
0
0
0
0
0
0
0
0
0
0
0
0
0
0
0
0
0
0
0
0
0
0
20
16
17
4
8
5
3
2
1
0
3
1
2
1
1
0
3
1
0
0
0
0
1
3
2
0
1
3
1
1
0
1
0
2
2
0
3
3
0
1
0
0
3
2
1
0
1
3
1
3
3
2
1
2
2
0
2
1
1
1
3
3
0
0
0
0
1
1
1
1
0
1
3
1
0
1
1
1
0
1
2
7
1
1
2
1
1
0
1
1
1
2
0
2
3
4
1
2
0
1
2
1
1
0
1
0
2
2
3
0
1
1
0
4
0
0
0
1
1
1
0
1
2
0
0
0
3
0
3
4
0
1
1
0
2
0
0
3
2
2
1
2
2
0
2
2
1
1
4
0
3
0
1
1
3
3
1
2
0
2
0
2
4
1
6
1
1
1
0
3
0
1
0
3
3
1
0
0
1
0
0
0
2
1
1
0
1
2
2
0
2
1
1
2
1
2
3
3
8
2
5
5
3
4
5
5
5
5
8
4
0
2
4
3
3
5
3
3
5
2
4
2
3
2
1
7
1
5
2
5
2
3
0
3
3
3
5
4
4
1
4
3
2
6
6
0
4
9
7
4
0
3
2
4
6
5
6
5
1
4
1
3
3
6
5
4
3
4
3
3
0
2
1
4
5
4
3
4
2
2
2
0
2
3
2
3
2
3
2
2
3
1
6
1
4
2
7
6
5
3
4
2
8
3
3
1
6
6
3
4
7
1
9
6
4
5
1
7
9
6
10
4
7
8
13
7
10
13
20
11
8
13
16
17
25
22
27
21
27
27
15
20
29
22
19
32
23
20
15
17
18
23
15
21
18
19
10
11
8
11
8
9
8
5
4
3
10
11
6
3
5
7
4
12
9
9
9
8
10
10
11
8
12
14
10
11
17
16
14
14
16
18
14
15
21
17
20
10
16
23
19
10
20
15
11
16
10
10
12
11
10
2
13
9
18
14
8
13
8
12
8
16
8
4
10
11
7
8
6
4
5
5
6
10
10
6
8
7
7
4
5
4
8
8
7
9
9
9
7
11
6
9
7
7
5
2
8
10
8
4
6
9
4
6
4
6
4
5
7
7
6
6
5
5
6
5
5
5
3
4
4
4
7
6
6
10
2
4
5
3
13
10
8
8
11
4
4
12
8
11
7
5
11
6
13
11
11
8
10
14
10
10
15
20
13
8
10
10
13
15
12
16
7
20
16
14
18
18
18
10
15
15
15
18
17
16
10
23
16
23
24
19
21
23
22
18
29
31
36
31
47
37
46
47
74
64
73
64
92
93
121
117
136
128
143
130
137
183
165
182
190
188
162
191
182
189
186
180
170
171
173
147
150
130
123
117
122
131
105
87
86
65
81
61
44
50
57
47
46
51
46
48
41
50
50
54
49
51
63
58
77
78
75
65
76
69
76
96
91
106
87
90
92
95
85
84
89
78
99
104
98
65
76
65
62
60
57
52
57
67
49
53
49
35
36
26
29
41
39
46
40
37
42
40
32
37
45
34
52
48
33
47
50
33
52
61
57
53
64
79
74
79
63
67
98
113
115
110
135
140
151
183
223
250
274
328
355
436
430
519
582
695
685
846
964
1037
1119
1183
1359
1415
1487
1614
1666
1808
1831
1910
1984
2084
2005
2055
2104
2058
2056
1934
1908
1897
1756
1667
1608
1547
1484
1336
1281
1136
1119
1073
894
825
763
694
621
606
542
517
497
455
466
397
495
475
524
564
590
674
700
753
837
860
929
1058
1123
1150
1235
1265
1331
1424
1523
1523
1586
1655
1636
1669
1703
1689
1655
1691
1645
1699
1631
1562
1527
1503
1442
1331
1336
1273
1216
1114
1093
1031
947
879
844
808
752
727
610
682
580
557
529
505
467
418
396
428
384
408
396
360
355
397
392
384
363
370
369
415
401
433
428
440
446
406
455
445
407
385
410
412
376
385
336
343
347
305
286
291
241
239
210
186
205
173
154
131
120
119
101
85
100
89
80
83
69
69
74
61
72
71
72
78
81
91
91
108
99
113
111
116
115
118
129
111
115
112
131
140
126
109
118
120
117
115
119
99
87
81
97
90
83
73
62
69
57
49
50
47
55
43
34
19
43
34
39
39
30
33
39
31
40
33
37
47
55
60
50
63
71
66
62
63
66
66
79
75
77
60
94
73
76
75
72
63
65
66
50
61
50
54
46
53
45
49
29
50
26
37
25
16
28
32
20
25
20
11
8
3
12
9
3
6
4
6
7
4
4
2
1
2
3
2
2
2
4
4
2
0
2
2
2
3
1
0
0
1
1
1
1
0
0
0
0
1
1
1
1
1
2
0
0
0
0
1
2
0
0
2
0
2
0
3
1
3
1
0
0
0
1
1
0
1
2
0
3
0
0
0
0
0
0
0
1
1
2
2
2
0
2
1
2
0
1
2
0
1
0
0
1
1
0
0
0
0
2
0
0
0
0
3
0
2
1
0
1
1
0
0
0
1
1
0
0
0
1
3
0
1
1
0
3
1
0
1
0
0
1
0
0
0
0
1
1
0
1
0
0
1
1
0
1
0
2
3
0
0
1
0
0
0
0
1
0
1
2
0
2
2
1
1
0
0
0
3
1
0
1
1
1
0
0
1
0
0
2
1
0
1
3
0
1
4
0
0
0
0
0
0
0
0
2
1
0
0
1
4
3
0
1
0
1
1
0
2
3
2
0
2
1
3
0
0
1
1
0
2
0
1
1
0
0
1
1
1
0
0
1
0
1
2
2
1
1
3
1
1
2
1
1
3
1
2
2
1
3
0
0
1
1
1
2
0
2
1
6
0
2
2
1
3
2
1
2
5
3
0
3
2
4
2
4
4
2
1
1
1
2
5
3
3
3
0
3
1
5
4
3
6
2
3
7
3
4
6
8
4
5
2
5
4
5
2
4
5
7
1
8
10
10
6
11
6
9
11
9
4
13
3
4
5
7
7
10
9
13
7
10
11
7
13
11
6
9
9
7
8
7
8
11
9
4
11
7
11
11
9
11
7
3
3
7
2
5
3
7
4
6
10
7
6
6
7
2
4
1
6
2
5
2
6
4
2
4
2
1
4
6
1
7
1
2
2
2
5
1
4
6
2
4
2
3
5
4
4
4
3
4
1
5
4
3
1
3
1
3
4
2
3
3
5
5
5
9
4
2
3
2
2
3
5
2
3
1
5
3
2
7
8
7
5
5
2
5
3
5
4
5
5
5
8
7
6
1
6
4
5
4
6
3
7
11
7
11
6
4
14
13
3
7
2
7
8
7
4
12
3
7
11
8
16
13
4
7
6
17
10
9
8
5
10
11
11
8
10
14
12
8
10
9
14
12
6
13
12
15
10
9
13
7
14
17
7
11
10
11
7
11
10
18
9
14
15
14
12
17
23
14
23
18
18
15
17
20
12
26
31
19
25
13
23
21
21
25
25
22
24
21
18
18
29
28
32
25
31
32
22
31
34
24
23
39
26
27
41
49
29
37
45
34
33
28
31
40
45
46
39
47
35
44
52
56
59
54
35
53
59
50
63
46
74
65
74
69
80
68
75
88
81
83
76
97
90
95
111
104
100
100
135
132
131
123
123
152
146
151
146
177
182
213
187
221
248
211
239
257
269
259
291
272
329
343
323
349
366
378
401
386
423
443
483
468
488
483
540
540
545
583
572
571
637
643
675
642
684
659
694
745
706
711
700
775
844
815
805
831
877
885
904
932
973
1041
1044
1087
1111
1244
1236
1280
1285
1415
1484
1592
1651
1720
1860
1954
1961
2106
2224
2202
2302
2447
2507
2629
2657
2548
2704
2665
2795
2922
2763
2766
2839
2775
2856
2724
2760
2578
2592
2465
2356
2291
2321
2170
1944
1927
1772
1673
1596
1455
1375
1294
1139
1137
983
874
786
767
648
613
523
506
426
370
328
273
253
210
187
174
149
127
115
99
75
57
77
55
46
26
23
43
29
24
17
16
14
13
12
9
13
8
7
9
4
7
9
4
5
1
8
9
5
4
5
2
11
5
2
6
3
9
7
7
4
4
7
6
6
5
3
5
8
5
6
3
7
6
5
6
9
3
1
8
5
10
2
7
8
3
3
3
5
7
4
5
5
3
5
5
5
4
4
4
5
7
2
0
5
2
1
8
2
3
10
1
1
6
2
1
2
3
3
2
5
3
6
4
2
4
3
5
2
2
3
1
1
2
5
5
2
6
7
5
6
4
10
3
4
4
6
9
9
8
3
8
14
6
10
8
4
8
3
5
6
6
5
7
5
3
6
8
8
6
2
4
8
4
3
6
1
3
5
2
0
1
7
5
2
0
0
1
1
0
4
2
1
2
0
1
0
0
0
0
0
0
0
1
0
0
0
0
0
0
0
0
0
1
0
0
0
0
0
1
0
0
0
0
0
0
0
0
0
0
0
0
0
0
0
0
1
0
0
0
0
0
0
0
0
0
0
0
1
0
0
0
0
0
0
0
0
0
0
0
0
0
0
0
0
0
0
1
0
0
0
0
0
0
0
0
0
0
1
0
0
1
0
0
0
0
0
0
0
0
0
0
0
0
0
0
0
0
0
0
0
0
0
0
0
0
0
0
0
0
0
0
0
0
0
0
0
0
0
0