Cuentas
0
0
0
0
0
0
0
0
0
0
0
0
0
0
0
0
0
0
0
0
0
0
0
0
0
0
0
0
0
0
0
0
0
0
0
0
0
0
0
0
0
0
0
0
0
0
0
0
0
0
0
0
0
0
0
0
0
0
0
0
0
0
0
0
0
23
26
13
5
12
8
5
7
5
9
7
3
5
2
10
6
5
5
8
2
7
1
2
5
5
5
6
3
6
3
0
7
5
6
2
4
6
6
5
2
8
7
3
2
6
3
6
2
3
1
4
6
4
5
5
7
1
1
2
1
2
4
6
2
0
2
2
2
2
3
5
1
4
2
1
6
4
6
1
1
6
3
3
3
1
3
3
5
3
1
4
3
6
2
2
3
0
4
3
4
4
3
1
4
1
2
3
6
3
1
3
1
6
2
4
6
3
2
2
3
4
7
6
4
5
8
3
10
3
3
1
2
4
4
1
3
1
4
1
3
4
6
4
5
1
5
5
2
2
3
8
4
2
5
4
5
5
2
4
4
3
3
9
4
2
2
6
2
7
4
2
1
4
7
3
2
7
2
7
5
6
6
3
3
7
6
6
9
3
5
7
7
5
5
9
9
9
6
5
10
8
10
11
10
15
9
14
8
8
12
2
10
9
12
7
10
8
13
6
7
6
12
4
11
9
7
1
7
8
6
8
2
8
11
12
9
7
6
6
4
0
5
9
5
2
12
17
9
5
6
8
7
9
9
8
11
5
5
12
8
10
6
11
4
7
12
7
14
11
8
11
12
9
9
10
9
9
7
8
6
5
5
8
10
6
6
13
10
2
7
6
8
15
4
5
7
4
8
5
5
9
6
7
8
12
5
8
8
8
8
6
7
7
10
7
6
11
14
13
6
9
8
8
8
9
6
10
8
7
13
4
8
8
8
6
6
7
6
8
12
9
7
11
4
9
7
3
9
2
6
7
7
10
4
8
3
5
5
7
5
7
7
14
8
10
6
10
2
3
4
11
6
8
12
12
5
5
9
5
12
10
8
10
7
9
7
12
7
10
10
6
11
10
9
10
6
7
15
8
7
10
11
16
11
11
14
10
5
14
9
10
8
17
15
13
13
9
10
15
11
7
15
14
12
14
8
14
9
19
13
21
9
14
13
12
9
11
14
15
18
13
12
9
10
11
11
8
19
11
16
10
11
15
9
10
13
10
14
5
10
8
8
14
15
6
14
12
11
8
11
15
15
7
8
17
23
16
11
9
7
14
15
8
17
19
12
18
14
15
15
15
15
18
11
24
21
23
20
15
25
23
21
29
23
30
36
32
36
45
39
36
48
58
61
80
74
68
79
95
88
111
123
150
126
144
136
159
171
176
166
193
173
196
179
172
175
162
158
167
150
149
152
142
134
137
126
121
137
111
109
110
114
129
152
133
133
171
207
200
223
201
261
233
244
314
356
333
369
378
376
404
397
396
437
406
372
410
391
363
334
340
310
293
282
263
230
254
191
169
129
156
131
128
116
100
97
74
60
62
55
43
47
47
43
51
42
44
52
39
60
55
49
69
64
70
77
99
77
59
68
86
80
81
79
77
79
72
62
80
78
65
63
51
51
55
39
51
33
46
45
29
21
48
24
27
28
16
19
21
30
11
19
20
22
22
19
25
15
25
25
26
21
15
26
27
32
24
27
24
32
31
25
32
32
38
34
34
37
38
45
45
36
39
41
41
34
36
45
35
44
41
49
57
48
38
54
62
54
48
54
56
57
72
57
54
54
53
57
62
55
76
65
70
56
63
66
67
63
81
74
71
72
89
71
97
76
77
66
103
76
82
76
77
82
67
90
63
66
72
65
81
77
58
64
69
79
64
71
64
73
66
63
74
57
54
51
64
62
76
73
55
68
59
59
63
62
66
74
75
69
59
73
51
60
73
61
74
75
59
76
78
65
65
72
67
64
87
75
68
59
75
79
71
59
63
65
70
60
78
68
65
56
63
79
74
81
88
72
69
79
76
78
66
64
91
78
80
67
92
65
64
85
71
71
84
88
79
78
90
90
89
69
83
83
79
91
81
101
88
96
105
118
144
108
133
122
113
120
124
131
174
141
163
141
165
190
220
269
244
283
311
384
494
511
589
685
883
955
1096
1418
1571
1900
2077
2575
3051
3464
4048
4581
5259
6072
6546
7405
8560
9410
10282
11214
12426
13321
14528
15380
16291
17429
18431
19017
19795
20696
21261
21687
22172
22276
21935
22302
22023
21476
20945
20558
19883
19278
18063
17327
16113
15305
14132
12975
11941
11038
10010
9267
8012
7297
6508
5670
5075
4350
3862
3394
2868
2513
2034
1728
1401
1287
1015
909
758
630
513
406
369
306
288
240
210
180
185
156
174
170
163
174
199
172
211
211
224
251
285
332
362
429
438
499
602
681
712
815
940
976
1116
1297
1376
1550
1805
1803
1936
2158
2234
2362
2652
2718
2872
2859
2953
3174
3255
3421
3449
3443
3451
3414
3304
3395
3261
3245
3155
2982
2988
2632
2674
2457
2392
2213
2030
1884
1772
1577
1445
1313
1171
1055
923
846
742
630
537
506
447
338
301
257
214
209
148
129
119
88
65
59
48
37
35
32
19
23
20
9
10
9
7
3
7
3
6
4
10
2
5
3
4
7
2
5
2
4
2
3
3
5
4
2
6
5
6
4
6
7
3
3
2
4
4
6
4
2
5
6
5
7
5
4
4
5
6
7
4
4
3
3
4
14
10
5
4
5
6
6
4
6
8
2
3
4
5
1
2
0
0
3
2
2
1
1
7
2
3
1
1
1
1
1
3
4
0
1
3
3
4
1
5
6
4
4
2
3
2
3
6
1
3
3
3
2
0
3
3
3
0
4
1
1
3
4
3
4
1
1
2
2
2
1
2
3
4
3
4
1
2
1
1
3
3
5
3
5
3
4
3
1
2
3
5
4
4
5
2
6
6
4
6
4
5
10
4
6
4
3
5
11
7
5
4
5
7
5
4
10
7
5
6
7
11
6
3
7
11
8
5
11
8
10
5
10
7
11
10
9
8
6
7
6
14
9
11
10
6
10
9
12
10
4
14
12
4
14
16
6
11
4
5
15
17
13
7
11
12
10
15
18
9
16
26
20
14
21
22
17
24
21
24
23
24
18
22
31
23
34
38
29
29
39
30
41
28
41
39
53
53
34
45
60
54
45
53
55
45
60
44
46
53
44
61
36
49
35
43
33
39
46
38
41
34
32
33
29
21
19
22
28
22
14
13
22
10
16
12
16
10
9
10
7
6
8
7
12
9
9
12
15
5
10
9
7
1
9
9
8
6
11
9
9
11
11
10
9
11
10
9
11
10
11
7
10
9
13
12
10
11
18
14
12
11
11
12
12
12
15
16
20
13
19
15
16
12
6
14
13
17
11
14
13
15
16
18
15
16
16
21
21
16
20
19
24
23
10
15
24
26
24
25
25
25
20
28
23
35
28
27
30
21
27
28
39
40
32
45
34
42
48
33
37
34
26
49
44
41
39
45
52
25
46
56
58
56
50
43
49
50
43
50
57
48
57
43
47
42
61
51
48
56
59
59
44
49
65
59
45
56
64
67
67
59
80
67
79
76
58
65
84
65
78
75
73
96
80
95
71
84
92
85
115
93
100
86
118
102
100
121
110
120
119
110
112
133
126
147
124
154
148
156
165
148
121
154
159
154
200
148
194
157
181
170
194
197
209
215
216
234
208
211
247
267
271
282
270
267
308
344
353
350
317
372
425
431
398
417
471
478
464
493
550
609
628
608
650
693
697
740
741
823
905
926
1005
1001
1062
1136
1138
1281
1319
1342
1303
1413
1514
1545
1556
1718
1687
1705
1849
1802
1909
1998
2032
2067
2120
2195
2226
2323
2380
2390
2412
2363
2440
2555
2543
2638
2603
2641
2619
2614
2611
2643
2761
2729
2849
2756
2801
2798
2775
2840
2898
2925
2983
3072
3066
3102
3188
3308
3324
3512
3613
3546
3728
3852
3894
4020
4195
4256
4479
4511
4804
4853
4893
4870
5127
5269
5370
5377
5276
5324
5388
5429
5337
5309
5128
5147
5177
4914
4865
4691
4492
4246
4037
3867
3746
3577
3419
3101
2875
2720
2559
2344
2203
2003
1835
1505
1458
1345
1217
1087
939
829
782
657
541
514
471
388
363
320
262
213
200
151
137
129
98
102
83
76
56
45
45
40
38
31
26
25
20
22
25
26
13
18
11
12
14
9
12
19
15
8
8
23
9
11
12
12
14
10
11
9
5
5
3
13
8
9
7
9
8
7
10
9
11
16
3
10
8
6
17
6
5
7
7
7
11
11
9
8
8
13
8
6
6
6
7
10
11
8
9
7
10
7
7
5
4
12
20
14
7
6
12
8
10
15
13
14
9
8
7
14
7
7
6
6
5
7
5
1
5
3
6
11
13
6
5
9
5
7
14
6
11
7
12
7
13
8
9
6
4
9
12
9
10
7
16
16
12
12
5
7
14
13
11
13
12
17
14
14
4
6
6
10
5
6
4
5
7
6
8
5
3
4
6
5
3
2
3
1
3
3
2
3
4
1
0
2
0
0
1
1
0
1
0
1
1
0
0
0
0
0
0
1
0
1
0
0
1
0
0
0
0
2
0
0
0
2
2
0
0
2
0
1
1
0
0
0
0
0
0
0
1
0
1
0
0
0
0
1
1
0
0
1
0
0
0
0
0
0
0
0
0
1
0
0
0
0
1
0
0
0
0
1
0
0
0
0
0
0
0
0
1
0
2
0
0
0
0
0
0
0
0
0
0
0
0
0
0
0
0
0
0
0
0
0
0
0
0
0
1
0
0
0
0
0
0
0
0
0
0
0
0
0