Cuentas
0
0
0
0
0
0
0
0
0
0
0
0
0
0
0
0
0
0
0
0
0
0
0
0
0
0
0
0
0
0
0
0
0
0
0
0
0
0
0
0
0
0
0
0
0
0
0
0
0
0
0
0
0
0
0
0
0
0
0
0
0
0
0
0
0
25
14
8
8
5
4
2
1
1
3
1
2
3
0
0
2
0
2
2
1
1
0
0
0
3
0
0
0
2
0
1
0
1
2
0
1
0
0
1
1
1
0
2
2
1
0
2
0
1
0
0
1
2
0
2
2
0
0
0
0
0
0
1
0
1
1
0
0
1
0
2
0
0
0
0
0
0
0
1
0
0
0
1
0
1
0
0
1
0
1
0
1
1
0
2
0
1
0
0
0
0
1
0
0
1
0
1
0
0
0
0
0
1
0
2
2
1
0
0
0
0
1
1
0
1
0
0
0
1
0
1
2
1
0
1
0
1
0
1
0
0
0
0
2
1
0
0
0
0
1
0
0
0
0
1
1
0
0
0
1
0
0
2
1
0
1
0
0
0
2
1
1
1
1
1
0
0
2
0
0
0
0
3
2
0
1
1
2
0
2
2
1
3
2
1
3
1
4
2
4
3
5
2
3
5
2
7
4
2
4
2
2
2
4
2
2
3
2
1
1
4
2
2
3
1
0
2
2
1
2
1
0
1
2
1
0
1
0
1
0
1
2
0
1
1
1
0
1
1
1
0
3
2
1
1
3
3
1
1
3
1
1
2
2
2
0
1
1
0
2
1
1
2
0
4
0
1
0
1
4
0
0
0
1
0
3
0
0
1
0
1
0
0
0
0
0
4
0
2
3
2
1
2
0
1
2
1
2
1
2
1
2
1
0
3
0
0
0
1
0
1
2
1
1
0
0
1
1
0
0
0
1
2
1
0
0
0
1
0
1
1
1
0
1
3
1
1
0
3
3
3
0
0
1
0
0
3
0
0
2
0
1
2
0
0
3
0
0
0
1
1
2
1
3
3
0
1
0
3
0
0
1
0
2
2
4
0
4
2
1
0
1
1
1
2
1
1
2
0
1
4
3
2
2
2
0
5
1
2
1
1
3
3
3
2
2
2
1
4
2
3
2
2
6
1
6
1
5
1
3
2
1
0
1
2
2
1
4
2
2
4
4
1
6
0
2
2
1
1
2
4
5
2
1
3
5
3
4
2
3
3
2
7
2
5
3
7
4
2
0
2
3
4
3
3
2
4
2
4
5
3
3
2
4
2
2
5
3
5
4
4
5
3
2
3
3
5
4
4
7
3
5
3
3
1
2
2
3
4
7
2
4
2
4
5
2
3
4
4
5
2
8
2
4
4
1
5
5
2
7
3
4
3
4
6
5
6
9
11
4
11
7
11
10
12
16
18
23
17
31
39
32
35
53
40
53
59
88
87
100
121
127
144
116
154
141
172
201
214
172
201
204
196
212
197
187
177
199
167
171
167
169
177
168
125
136
95
98
94
99
58
92
60
52
49
49
40
33
20
30
16
26
20
20
19
10
22
15
11
23
20
18
25
20
26
22
23
27
26
34
33
34
17
26
34
27
27
26
20
23
19
16
16
14
16
20
24
17
14
16
11
6
9
14
6
4
6
4
2
6
5
4
2
1
1
1
2
1
3
0
1
1
2
1
1
1
3
1
3
2
0
1
1
3
0
0
0
0
3
1
0
0
3
1
0
1
2
2
1
1
0
1
0
1
0
1
0
2
1
1
0
0
4
1
1
3
1
3
2
4
2
1
6
2
1
4
4
3
0
1
5
2
2
4
5
0
4
3
5
6
0
5
4
5
10
1
3
2
4
3
1
5
2
2
0
1
3
2
0
1
2
2
1
0
2
1
2
1
1
0
1
0
2
0
0
0
0
3
0
3
2
2
0
3
0
1
1
1
2
0
1
2
0
1
2
4
1
0
1
1
1
0
2
2
0
0
0
1
0
5
0
1
1
2
3
2
0
2
1
1
1
0
0
0
0
1
0
2
2
2
1
2
1
1
1
0
0
0
0
1
0
0
0
2
1
1
1
0
1
2
0
1
1
1
1
2
0
0
1
2
0
0
1
3
0
0
1
2
2
1
0
0
3
0
0
1
1
2
0
1
1
3
0
0
0
0
1
1
0
2
0
1
0
0
0
1
1
1
1
2
1
0
2
0
2
1
1
0
0
1
4
0
3
0
1
2
1
1
2
1
1
2
1
1
4
0
1
1
1
0
1
0
1
0
2
2
0
2
1
0
1
1
1
2
1
0
3
1
1
1
2
0
1
2
1
2
1
1
1
0
2
1
0
1
1
0
0
1
1
1
2
0
0
1
1
1
1
0
0
0
0
2
3
1
4
0
2
0
0
0
2
1
2
0
2
0
4
0
2
1
1
2
1
1
1
0
2
1
0
1
0
3
2
0
1
2
1
1
2
1
1
2
1
3
1
4
2
2
5
2
2
3
3
0
2
0
0
2
3
4
1
0
3
1
0
0
0
3
1
1
0
1
1
2
0
1
0
0
3
1
2
2
0
3
0
2
2
2
1
1
1
1
1
1
3
3
2
1
2
1
2
1
1
2
6
6
3
2
3
1
2
3
2
0
5
1
1
3
1
2
1
3
4
1
5
5
2
5
3
3
0
2
2
4
3
4
2
2
0
4
1
3
2
1
2
2
4
2
1
3
1
2
4
1
3
2
1
1
1
3
3
1
0
1
3
4
1
2
1
4
0
3
4
3
1
3
0
1
1
0
3
1
1
0
0
0
1
4
1
1
0
2
3
1
2
2
5
2
1
4
3
3
6
2
2
4
0
1
2
2
1
3
4
3
4
6
8
2
0
6
3
3
2
3
3
6
7
5
2
3
4
11
2
3
5
5
3
3
3
3
4
2
3
7
6
6
10
6
6
5
4
5
5
7
0
5
7
1
8
2
9
6
9
7
5
4
8
5
11
4
5
5
6
6
4
7
9
9
7
5
10
12
11
10
7
8
10
17
6
7
8
15
11
16
14
9
19
20
16
25
20
16
20
24
26
21
24
27
33
36
29
41
36
39
28
32
31
34
48
46
43
42
44
41
36
43
44
31
55
43
47
44
42
37
46
41
35
44
37
35
42
34
21
26
23
26
17
17
28
11
15
13
18
11
15
6
4
4
14
8
5
6
4
8
8
5
8
4
4
6
5
8
10
7
3
7
9
8
9
5
8
17
7
9
4
6
8
11
7
6
7
4
5
8
8
8
5
4
6
11
10
6
4
5
14
4
7
9
4
4
11
5
10
6
12
18
8
8
11
5
5
15
10
14
19
13
13
13
17
14
13
15
19
14
15
12
15
13
15
19
15
20
18
24
17
20
26
16
21
14
22
15
15
28
17
26
20
28
23
25
32
26
21
29
30
21
29
34
28
20
46
28
40
26
33
31
40
33
35
33
40
25
36
33
29
34
27
34
29
33
32
39
33
35
31
29
39
46
41
37
41
35
44
49
35
53
55
43
48
40
49
51
50
49
51
49
55
66
58
57
54
59
71
74
72
78
81
73
63
78
85
73
71
63
96
95
95
75
83
76
88
88
95
120
96
117
119
104
122
100
116
115
131
121
114
146
146
147
145
145
164
162
171
186
201
180
170
208
233
213
223
237
262
238
244
268
285
294
302
316
329
380
372
400
417
433
479
469
513
540
532
555
581
617
613
659
711
728
825
809
814
856
911
894
1005
989
1036
1088
1079
1137
1187
1240
1223
1243
1287
1348
1311
1376
1377
1360
1480
1426
1431
1499
1492
1526
1563
1573
1622
1574
1615
1582
1753
1687
1700
1736
1748
1730
1745
1797
1798
1911
1877
2014
2016
2188
2250
2300
2329
2468
2574
2738
2765
2999
3037
3233
3255
3302
3530
3586
3685
3920
4056
4098
4238
4215
4314
4290
4369
4394
4394
4324
4426
4340
4391
4232
4106
3958
3748
3711
3598
3346
3291
3260
3006
2740
2642
2509
2344
2147
1966
1912
1715
1584
1384
1284
1167
1073
960
874
753
656
579
527
479
405
354
317
295
247
201
180
178
131
118
109
108
81
80
63
61
50
43
54
31
48
32
31
36
33
21
19
25
24
26
24
20
15
18
17
21
20
16
21
18
12
16
23
20
18
20
13
13
12
13
19
12
15
6
10
10
9
11
9
8
5
7
4
8
14
10
8
13
8
7
12
9
10
3
6
7
9
8
8
10
6
9
11
3
4
9
5
13
5
12
10
8
9
6
9
8
8
7
4
2
6
8
7
10
9
7
4
13
8
10
8
9
14
13
6
12
10
10
8
9
6
15
14
11
15
19
12
20
20
18
17
25
28
27
25
21
31
26
33
32
23
28
38
28
30
29
27
24
29
24
25
25
30
27
37
34
36
25
14
20
23
14
17
9
10
13
16
14
10
10
8
3
9
4
6
7
2
6
5
11
3
2
1
5
1
2
3
0
1
1
0
0
0
1
0
1
1
1
1
1
0
0
0
1
0
0
0
0
1
0
1
0
0
0
0
0
0
1
1
1
0
0
0
0
0
0
0
0
0
0
0
0
0
0
1
0
0
0
0
0
0
0
0
0
0
0
0
1
0
0
0
0
1
0
0
0
0
0
0
0
0
0
0
0
0
0
0
0
0
1
0
0
0
0
0
0
0
0
0
0
0
0
0
0
1
0
0
0
0
0
0
0
0
0
0
0
0
0
0
0
0
0
0
0
0
0
0
0