cuentas
0
0
0
0
0
0
0
0
0
0
0
0
0
0
0
0
0
0
0
0
0
0
0
0
0
0
0
0
0
0
0
0
0
0
0
0
0
0
0
0
0
0
0
0
0
0
0
0
0
0
0
0
0
0
0
0
0
0
0
0
0
0
0
0
0
63
65
52
31
28
16
22
11
14
10
13
8
4
4
5
5
6
8
5
9
7
6
4
4
4
5
6
7
6
5
4
7
5
2
4
2
6
5
4
3
5
3
2
1
8
5
4
6
6
3
8
2
1
4
5
2
3
4
4
6
3
5
4
4
2
3
6
5
3
3
2
6
2
6
5
6
2
2
2
1
6
6
2
0
0
2
7
1
3
4
4
2
3
0
4
3
8
2
3
2
4
1
1
3
5
2
5
4
2
6
3
4
5
4
8
5
4
2
1
3
8
5
5
4
5
3
9
2
4
8
2
4
5
3
9
8
7
2
9
4
5
6
9
2
5
8
4
7
8
4
5
7
11
4
6
9
5
7
6
5
6
11
5
6
4
10
6
8
9
16
11
14
10
8
9
12
12
8
9
10
8
8
17
13
13
13
16
14
28
19
16
14
34
25
22
21
26
32
41
38
49
45
45
46
38
35
55
49
36
42
40
40
40
40
44
42
21
37
39
26
31
31
26
26
20
24
23
10
21
26
19
31
23
20
27
39
37
46
54
68
65
64
87
123
114
154
176
187
217
231
230
291
297
304
387
366
419
420
457
495
471
516
484
512
543
526
551
488
491
479
460
458
433
398
348
314
315
299
272
238
226
185
181
148
137
112
96
94
75
72
70
52
43
56
34
26
15
26
16
17
20
12
10
10
7
12
15
7
10
15
11
11
10
13
6
4
10
6
16
15
8
10
6
6
7
7
5
5
7
6
4
7
9
8
10
4
4
7
7
6
4
5
11
11
6
9
6
10
8
3
8
6
10
8
5
7
11
9
5
8
8
15
6
9
5
9
7
7
12
11
7
17
4
10
8
11
12
9
13
10
15
13
13
17
17
13
22
12
20
13
17
28
22
18
21
22
25
24
20
15
22
35
19
18
27
24
32
28
35
30
31
26
37
43
36
27
30
45
28
38
50
37
35
42
38
32
33
25
46
40
27
39
47
40
33
27
39
37
40
34
32
28
38
37
55
40
32
44
33
37
32
44
41
34
43
26
27
33
40
34
43
29
52
42
44
34
52
34
29
50
37
41
29
46
32
59
44
31
37
48
46
38
37
36
31
39
42
34
36
46
46
40
44
33
33
29
45
50
47
55
49
39
46
61
42
42
56
41
56
49
57
45
59
39
44
45
56
46
61
43
47
29
64
46
45
51
59
64
72
49
58
65
63
69
65
77
70
97
102
129
125
122
168
156
155
212
223
268
321
356
416
450
461
612
682
748
870
957
1047
1159
1265
1390
1518
1595
1625
1774
1827
1965
2001
2110
2190
2263
2314
2300
2263
2346
2379
2330
2261
2213
2135
2110
2006
1854
1676
1676
1559
1428
1376
1239
1150
1028
900
867
769
688
627
548
476
425
417
323
308
326
251
239
212
232
255
230
203
226
215
237
230
245
256
269
299
266
276
294
271
279
268
286
263
267
262
284
256
274
260
217
235
220
194
186
182
199
144
155
140
116
125
107
119
89
95
82
77
74
62
59
51
58
35
45
39
48
34
36
26
28
24
19
26
19
17
19
23
20
21
16
17
11
13
18
17
13
14
10
7
13
16
13
9
11
13
13
13
10
11
10
18
12
11
7
13
13
21
10
12
13
11
18
21
23
19
24
23
31
23
21
27
27
39
25
34
38
36
59
36
48
43
40
35
38
30
46
39
58
35
41
31
26
43
35
41
32
19
33
19
26
22
29
17
20
20
19
21
11
12
17
18
6
12
9
8
11
11
8
7
12
8
14
6
9
13
7
15
6
13
9
10
9
9
8
10
14
10
12
9
10
14
9
15
10
11
16
16
11
8
10
9
16
8
14
13
11
7
14
13
3
10
15
7
17
11
13
17
13
14
9
5
21
16
14
13
9
9
14
6
7
10
10
14
21
14
14
13
17
10
10
8
8
9
6
4
11
11
12
7
14
8
12
12
8
10
16
7
7
17
5
14
8
6
13
6
11
9
10
9
11
10
14
14
13
8
13
13
12
23
23
28
33
38
37
42
44
45
44
46
61
49
63
70
76
68
72
91
83
88
98
110
104
100
123
127
119
106
98
102
135
155
109
121
120
129
108
120
114
92
95
104
89
100
91
78
59
87
60
49
70
60
63
48
55
61
55
47
52
35
47
52
44
35
41
40
40
35
34
35
33
37
26
26
21
26
29
18
20
15
17
18
21
15
16
26
14
13
11
12
17
14
23
19
23
22
22
18
24
22
26
25
25
32
20
25
32
33
27
43
31
29
49
43
41
32
49
47
46
40
37
47
42
50
46
37
42
27
38
37
33
36
37
29
23
25
24
22
23
18
20
24
19
21
30
20
18
23
17
17
15
15
12
9
19
16
9
16
17
13
18
19
13
8
16
20
12
14
20
15
16
16
10
18
19
14
21
20
19
22
23
25
22
13
20
27
25
30
25
24
20
26
31
31
38
27
37
37
42
48
62
52
55
51
64
61
64
65
63
68
88
79
62
74
77
71
95
93
86
96
69
77
75
67
89
66
77
94
89
67
50
58
59
55
58
48
53
41
47
46
36
41
48
41
32
21
34
37
42
23
26
29
25
22
27
23
30
25
22
24
30
21
25
22
20
20
16
11
19
25
21
24
17
29
28
40
34
28
42
39
34
35
45
39
38
64
58
78
58
80
84
81
129
130
146
159
148
187
215
203
263
295
277
336
335
367
389
384
418
450
485
512
507
525
527
543
573
587
578
588
584
585
573
610
540
528
551
512
483
501
469
441
415
457
371
339
348
324
319
273
242
250
216
181
198
185
144
131
122
132
120
92
97
89
75
74
95
75
65
68
65
78
76
65
71
69
62
71
56
72
96
70
74
89
88
71
114
114
122
140
148
159
190
214
222
282
299
370
394
446
564
634
709
809
930
1039
1109
1331
1512
1720
1954
2101
2271
2533
2814
3239
3492
3712
3962
4265
4630
4972
5420
5539
5854
6202
6439
6764
7130
7259
7422
7705
7834
8111
7856
7928
7964
8002
7924
7760
7582
7513
7215
7039
6831
6493
6452
5999
5729
5306
5018
4800
4532
4151
3862
3587
3267
2977
2743
2466
2319
1969
1768
1597
1360
1257
1159
988
853
768
643
577
526
453
369
333
273
261
204
162
168
119
118
112
94
84
70
68
48
48
46
45
48
42
37
43
50
38
43
28
36
38
44
44
40
36
42
39
39
50
56
50
51
43
40
56
56
51
68
49
71
48
47
71
79
64
71
76
78
85
95
92
105
117
120
132
117
137
154
155
189
226
241
276
247
290
328
330
415
384
468
497
567
571
589
676
695
732
823
834
877
940
981
1031
1014
1061
1145
1142
1191
1213
1144
1270
1257
1173
1208
1203
1245
1255
1178
1144
1133
1105
1045
1038
1016
972
931
889
803
791
806
673
659
601
550
521
472
472
434
366
369
358
297
324
278
230
269
242
234
249
223
195
211
193
189
192
171
187
193
187
194
181
184
205
216
174
193
205
211
218
204
235
231
248
222
279
252
261
312
308
246
312
286
324
331
348
366
367
392
361
368
391
406
442
438
430
472
504
523
531
482
563
547
589
624
622
668
718
643
653
715
780
771
797
833
881
852
858
888
1003
966
1001
1095
1080
1178
1152
1244
1256
1292
1334
1367
1446
1462
1553
1556
1607
1666
1799
1839
1907
2053
2167
2108
2213
2324
2346
2402
2564
2767
2760
2892
3035
3113
3174
3238
3325
3612
3639
3780
3899
3994
4144
4296
4370
4438
4612
4750
4757
4891
4992
5233
5135
5384
5494
5540
5569
5659
5769
5897
5930
6067
6333
6206
6478
6578
6833
6875
7072
7407
7646
7748
8109
8369
8584
9004
9484
9899
10184
10583
10917
11536
12056
12645
13119
13624
14225
14966
14998
15443
15882
16528
16889
17182
17686
17674
18180
18302
18300
18429
18413
18129
18125
17957
17455
17351
16865
16454
16233
15476
15001
14342
13956
12724
12407
11605
10920
10289
9666
9253
8156
7826
7114
6527
5971
5528
4832
4530
3999
3698
3270
2951
2623
2263
2113
1800
1693
1358
1227
1044
960
808
739
671
531
524
427
385
360
286
267
246
212
197
165
149
155
139
123
122
110
91
104
90
71
95
68
61
79
81
65
67
49
62
46
42
40
50
44
51
44
50
37
42
39
32
37
46
41
32
29
42
36
36
26
30
37
31
23
22
21
27
29
24
32
28
21
20
28
22
21
30
29
21
25
24
16
27
23
20
21
31
29
23
19
22
31
24
24
24
18
21
24
16
21
22
18
23
28
16
22
22
20
25
22
21
18
12
28
21
20
13
21
18
14
18
18
17
23
32
18
26
27
21
27
27
30
32
33
35
32
38
36
31
30
30
37
40
40
36
35
28
35
33
41
26
23
35
32
27
30
26
24
17
24
24
25
21
16
19
13
13
10
18
15
8
9
7
5
5
6
6
7
5
3
3
2
4
0
2
2
1
1
2
1
2
1
1
1
0
1
1
0
0
2
0
1
0
0
1
1
1
1
0
0
0
0
0
1
1
0
0
0
0
0
0
1
1
1
0
1
0
1
1
1
2
1
1
1
0
2
0
0
0
0
1
0
0
1
1
2
4
0
1
2
1
0
1
0
0
0
0
0
1
1
0
1
0
3
0
2
1
0
1
1
2
0
1
2
1
0
1
0
1
1
0
0
2
1
1
0
0
1
0
0
0
1
1
1
1
0
0
0
0
2
0
0
0
0
1
0