cuentas
0
0
0
0
0
0
0
0
0
0
0
0
0
0
0
0
0
0
0
0
0
0
0
0
0
0
0
0
0
0
0
0
0
0
0
0
0
0
0
0
0
0
0
0
0
0
0
0
0
0
0
0
0
0
0
0
0
0
0
0
0
0
0
0
0
275
297
188
130
100
77
45
38
22
26
15
8
7
11
3
5
5
6
5
10
4
6
2
3
4
5
3
9
6
1
4
6
3
6
3
5
2
5
4
3
8
4
2
2
5
3
5
3
1
5
2
4
5
3
5
3
4
3
2
2
3
5
8
1
4
2
3
3
1
3
5
0
2
6
6
0
4
3
2
7
1
1
2
5
2
2
6
1
0
0
4
4
2
8
1
3
1
4
4
3
2
2
1
2
5
4
6
1
1
5
1
5
5
3
2
3
4
1
6
6
0
2
1
6
3
3
5
2
5
2
3
3
4
4
5
5
4
3
5
2
3
5
3
6
6
3
3
6
4
4
5
8
3
8
2
8
2
7
4
0
4
0
4
4
3
0
2
1
5
2
7
5
5
4
5
4
5
5
6
5
5
9
8
6
7
5
9
11
9
12
10
20
11
15
14
17
21
14
13
19
28
29
24
18
20
25
26
20
19
24
32
24
21
17
25
23
22
22
21
16
12
20
15
8
13
9
3
13
5
7
6
8
9
9
5
9
6
5
3
5
5
5
5
10
10
2
6
7
9
7
5
13
7
6
8
8
7
11
14
12
8
7
8
13
14
11
9
5
10
9
8
7
10
8
7
8
6
5
5
4
8
7
5
6
13
8
8
12
4
8
3
8
10
9
6
13
13
9
9
18
16
24
22
16
37
21
21
28
30
25
30
38
33
35
27
36
38
30
31
29
39
34
34
40
26
27
24
25
26
27
19
19
17
25
13
22
24
15
12
14
15
14
14
11
17
17
16
14
19
17
28
23
14
17
12
16
15
23
20
20
32
15
19
17
25
27
14
21
20
17
11
21
15
12
13
17
15
10
17
5
10
17
8
12
13
10
15
14
14
19
6
17
22
20
18
10
16
17
13
22
22
16
26
22
24
21
21
19
35
18
27
21
26
22
26
19
28
21
26
29
27
32
28
28
34
39
31
31
31
36
27
29
33
27
31
25
25
29
21
32
23
23
21
23
27
19
25
29
29
27
32
26
20
24
18
19
27
23
24
30
23
27
31
27
28
16
31
24
23
21
25
21
19
18
26
24
22
22
27
26
22
26
25
27
28
29
23
25
31
26
20
15
32
31
27
31
27
39
29
25
41
26
39
31
30
39
35
26
20
32
35
30
38
33
40
32
32
28
43
24
27
33
45
30
38
41
36
32
39
27
42
47
48
44
52
53
68
69
66
68
90
99
88
126
138
153
176
199
227
234
286
310
367
351
440
492
564
626
659
759
832
880
957
1007
1036
1084
1169
1246
1255
1351
1457
1438
1492
1458
1507
1512
1482
1491
1363
1394
1423
1285
1311
1239
1169
1096
1082
993
901
888
783
709
640
615
556
472
419
399
346
287
256
237
252
207
189
184
173
165
157
166
156
158
162
164
157
156
186
164
171
166
199
187
202
184
187
203
180
173
197
173
162
183
151
168
129
136
123
118
119
105
114
105
88
72
71
74
60
55
50
44
43
48
30
36
33
29
31
16
28
16
19
14
23
16
15
11
15
24
9
12
16
23
17
10
14
15
15
24
11
16
22
19
18
15
30
24
21
25
30
24
28
38
41
46
54
64
68
85
92
108
118
159
183
157
249
250
285
288
338
404
422
458
508
566
626
684
750
814
887
921
964
1055
1052
1100
1096
1171
1145
1208
1229
1226
1212
1272
1216
1198
1114
1083
1060
1078
1032
942
848
835
776
718
678
613
550
520
518
448
392
351
271
291
263
215
190
167
156
133
107
106
78
73
72
73
68
58
71
58
78
86
67
77
88
121
103
100
145
132
167
156
183
203
195
223
226
234
241
278
278
305
292
282
303
340
355
290
339
319
334
273
303
273
324
302
288
280
237
224
225
220
211
163
172
130
127
123
121
99
107
108
76
55
64
58
31
39
28
28
21
15
18
11
12
15
13
8
8
10
9
8
9
7
8
12
5
5
5
5
2
4
4
3
5
5
5
3
4
2
4
8
5
5
4
2
5
12
9
4
5
6
8
4
11
9
7
13
7
8
13
8
14
11
11
16
13
23
25
13
17
22
21
23
19
27
27
20
26
20
29
30
30
24
31
26
31
27
24
22
20
29
23
16
23
17
24
24
8
10
16
16
21
13
9
16
13
14
12
13
13
14
10
14
9
13
10
20
15
20
15
10
14
15
15
15
14
9
17
11
12
12
10
14
12
11
15
17
30
13
13
16
16
15
22
16
18
25
12
16
20
10
18
23
19
24
21
18
22
12
26
20
13
19
18
22
15
20
14
15
22
17
14
17
15
17
15
11
14
19
16
14
10
10
13
12
15
15
17
9
7
9
14
14
13
14
14
14
10
14
12
12
13
16
11
11
10
16
9
10
15
5
12
14
19
16
19
11
8
17
10
15
14
14
10
18
23
21
16
15
24
22
22
30
25
22
13
19
16
27
24
8
25
18
26
26
19
12
26
21
25
24
23
21
22
21
18
20
21
14
17
6
26
20
23
14
21
27
20
30
18
20
17
25
21
18
15
17
17
10
17
23
12
10
15
15
14
16
14
11
13
11
14
15
11
14
8
11
17
19
10
13
15
7
10
13
19
13
16
15
12
16
10
15
16
14
15
17
16
15
16
10
14
19
15
19
20
11
19
10
17
14
8
24
10
13
6
18
18
17
17
8
20
15
20
24
19
21
11
20
17
18
19
16
16
17
15
14
20
24
25
25
18
21
23
21
24
18
19
26
28
21
22
23
16
30
31
25
23
22
25
25
24
28
32
24
35
21
32
25
28
18
19
31
32
27
17
23
29
37
39
30
38
33
39
35
23
35
39
26
34
34
18
23
24
40
43
36
33
43
31
38
39
39
39
38
33
37
37
36
37
48
37
47
28
41
42
42
46
57
47
48
64
49
50
61
67
83
72
62
82
84
69
73
90
76
75
88
88
82
84
98
95
97
116
93
102
84
102
100
105
113
115
103
117
115
113
107
115
99
115
106
94
101
105
86
96
85
59
75
77
62
70
64
60
67
54
56
64
61
57
43
43
38
41
27
32
45
36
31
31
29
31
25
29
33
26
25
18
28
28
26
26
31
22
34
32
24
27
35
27
28
21
28
33
42
42
25
36
24
32
32
40
31
20
26
25
34
30
32
35
33
32
21
41
32
35
33
39
46
47
39
37
31
47
51
46
50
39
39
54
46
48
46
42
55
38
56
54
51
49
53
69
62
62
64
69
59
63
73
66
60
70
61
71
48
76
79
79
81
76
77
87
84
78
67
91
88
81
74
95
111
82
88
98
92
100
108
106
110
109
100
105
135
108
124
121
132
124
119
137
117
118
119
136
114
156
153
124
134
162
140
159
149
151
154
157
182
141
159
167
203
179
164
171
198
194
185
212
205
208
200
230
199
231
239
259
243
212
263
243
273
259
274
269
296
320
324
302
296
291
344
293
328
345
360
319
362
407
371
390
451
417
436
408
421
404
453
528
462
528
473
515
516
565
550
568
566
581
624
641
624
667
683
699
670
748
766
764
782
887
931
897
947
967
992
1070
1088
1119
1100
1297
1300
1288
1460
1443
1479
1612
1687
1758
1874
1948
1981
2190
2292
2376
2542
2648
2870
2870
3062
3106
3433
3369
3621
3716
3958
3992
4240
4357
4455
4801
5015
5152
5238
5346
5608
5714
5937
6084
6425
6268
6415
6749
6792
6904
7072
7258
7385
7597
7518
7682
8022
8141
8223
8458
8636
8709
8845
9102
9369
9677
9777
10289
10447
10687
11204
11557
11977
12454
12887
13533
14061
14533
15291
15669
16380
17079
17615
18167
18905
19495
20170
20541
21104
21446
22011
22287
22591
22918
23047
23249
23162
23219
22953
22781
22522
22308
21942
21234
20688
20425
19470
19112
18150
17384
16746
15780
14986
14150
13252
12333
11433
10733
10054
9117
8441
7866
7112
6546
5870
5396
4754
4440
3886
3474
3039
2679
2415
2160
1844
1721
1491
1344
1125
1000
838
769
660
551
442
441
383
278
254
285
249
200
172
164
141
120
133
92
94
85
74
91
68
72
62
82
56
46
58
59
62
56
43
49
42
43
43
35
32
43
42
57
33
36
30
37
37
32
31
32
24
40
33
20
24
31
26
33
26
31
37
16
32
22
24
29
15
29
12
31
31
31
23
22
40
26
29
16
19
33
32
23
16
23
18
21
26
37
32
16
20
24
19
26
27
25
23
20
27
24
20
29
23
19
23
23
24
21
29
29
28
33
29
30
32
39
42
36
42
41
28
35
36
46
43
58
52
38
56
41
53
47
57
47
37
34
47
48
45
43
40
54
31
52
38
49
42
48
34
29
29
36
22
30
39
32
28
17
20
22
23
16
19
14
10
16
12
14
8
10
5
8
7
2
4
2
6
8
3
2
2
3
4
1
2
0
2
0
1
1
0
0
0
0
1
1
2
1
2
2
1
1
0
1
1
1
0
2
1
0
0
0
0
0
0
1
0
0
0
1
0
0
0
0
2
0
0
1
1
0
1
1
0
0
0
0
2
0
2
0
0
2
0
1
0
0
0
1
0
0
0
0
0
2
1
2
0
0
0
1
0
1
0
0
0
0
0
1
0
1
0
0
0
0
0
0
0
1
0
1
1
0
0
1
0
0
0
0
0
1
1
1
1
1
2
1
0
0