cuentas
0
0
0
0
0
0
0
0
0
0
0
0
0
0
0
0
0
0
0
0
0
0
0
0
0
0
0
0
0
0
0
0
0
0
0
0
0
0
0
0
0
0
0
0
0
0
0
0
0
0
0
0
0
0
0
0
0
0
0
0
0
0
0
0
0
11
11
6
9
12
5
3
4
5
4
4
4
2
6
3
4
4
7
4
5
4
5
5
5
0
4
3
4
7
3
3
4
1
3
4
4
2
4
2
2
4
3
6
1
3
5
4
3
4
4
1
1
3
3
1
2
2
5
2
3
4
2
1
2
3
1
1
2
1
3
2
4
2
3
3
5
2
2
1
2
5
2
2
1
4
0
0
3
4
2
1
0
5
4
1
2
1
0
1
1
5
1
2
7
4
6
2
0
0
2
2
2
5
1
5
3
0
4
1
3
4
1
3
2
4
6
1
2
2
1
5
2
1
2
2
2
1
2
3
5
2
1
5
0
4
2
1
6
3
1
2
1
1
0
4
2
5
2
2
1
3
3
2
2
1
4
1
3
3
3
3
1
3
3
6
4
7
1
3
3
1
2
6
2
3
0
2
6
5
1
1
2
5
4
2
2
4
3
4
6
2
7
7
3
6
4
4
10
3
5
6
6
10
6
5
3
2
8
6
4
5
5
4
2
4
6
5
5
3
4
2
8
6
6
5
3
4
5
6
6
9
5
4
8
1
8
4
8
8
7
2
8
6
9
11
5
3
4
6
13
9
5
5
10
12
8
14
11
6
6
9
7
9
8
10
6
7
5
5
4
6
4
6
4
2
5
7
5
6
6
8
3
4
4
7
4
6
4
7
6
5
6
2
9
9
9
7
6
8
3
5
5
7
8
9
6
11
3
5
3
7
3
3
1
4
4
7
5
6
7
8
5
7
5
3
7
10
4
6
7
4
7
10
10
5
3
9
4
4
4
4
5
2
4
3
6
2
7
7
4
3
4
4
3
7
4
2
8
2
6
2
2
8
8
4
9
4
6
5
2
3
5
6
4
3
4
9
6
6
5
6
7
6
0
5
8
6
8
6
4
5
5
5
10
5
10
4
6
12
2
3
11
10
4
5
5
3
6
11
10
6
4
9
5
9
10
9
6
5
8
7
3
4
4
8
8
8
7
8
10
6
7
4
7
7
4
8
5
8
10
7
8
6
8
6
7
8
9
6
6
8
6
13
4
8
2
8
5
5
5
7
7
3
10
3
8
10
2
11
5
7
7
9
6
5
6
8
7
10
3
5
6
5
6
4
6
9
5
6
2
10
3
6
9
9
7
9
9
8
10
8
6
3
5
9
2
6
5
7
4
4
7
8
7
9
6
1
1
6
7
6
2
6
8
8
14
5
11
11
9
8
9
12
13
14
10
18
16
24
16
24
36
28
29
29
25
44
46
49
52
61
61
74
65
68
74
80
101
114
100
90
109
115
108
89
97
106
86
89
94
87
80
103
67
83
66
72
61
64
43
40
39
40
32
36
27
26
33
20
22
22
21
18
10
18
12
22
18
17
15
14
16
15
21
16
21
22
16
19
13
19
18
11
20
10
18
23
9
16
7
17
17
16
10
21
17
17
7
9
7
8
10
3
10
6
9
5
11
5
7
5
10
3
6
8
4
5
6
8
7
6
8
6
5
2
10
7
3
11
6
8
3
6
8
2
4
8
4
2
5
1
7
6
7
4
6
5
1
9
8
6
3
7
2
4
6
2
4
8
9
8
5
5
6
10
6
7
6
8
9
11
8
14
13
9
11
7
11
10
8
14
15
16
9
10
15
17
19
21
17
13
9
13
11
12
8
11
14
9
4
7
11
15
5
16
12
18
7
10
4
7
2
8
3
6
5
8
4
8
12
7
2
6
6
6
8
6
6
2
5
8
5
8
7
3
4
5
3
5
5
5
13
10
4
6
1
3
8
4
7
5
6
9
9
14
4
10
7
12
10
5
8
7
9
4
9
5
6
6
8
4
7
11
7
7
3
6
6
5
7
2
6
7
0
9
6
6
4
12
8
6
5
3
11
5
7
4
6
9
9
6
4
6
2
4
3
8
4
8
4
4
8
4
3
4
15
4
4
3
7
7
6
7
11
9
8
8
3
8
7
8
7
4
9
7
6
10
8
8
7
5
4
10
7
6
9
6
7
6
3
6
10
13
3
4
8
7
12
8
4
5
8
8
10
9
9
10
3
8
8
6
6
8
9
10
6
6
8
13
15
15
6
8
8
10
11
5
5
6
9
14
10
7
16
11
6
13
8
7
7
8
9
5
2
7
10
11
15
7
9
8
10
8
7
9
7
11
10
10
4
7
6
2
7
5
13
7
3
5
8
4
6
8
10
7
10
8
10
9
8
10
3
7
8
11
8
12
7
9
8
11
18
10
10
10
13
9
9
10
12
12
16
17
25
18
11
21
27
25
27
23
27
25
27
30
47
42
54
35
68
48
47
66
66
83
81
77
82
104
109
109
112
110
121
125
148
113
146
155
143
141
136
120
121
135
141
126
119
128
130
100
109
121
98
102
90
87
89
91
93
50
62
52
54
50
34
43
41
35
29
30
21
31
27
20
14
25
19
25
17
17
15
15
10
18
26
16
23
13
14
15
20
21
11
21
14
25
15
15
21
17
24
19
14
15
27
26
15
21
14
22
24
24
17
17
18
24
16
22
28
21
23
18
25
27
17
32
24
22
19
24
21
31
25
20
26
25
35
29
22
25
30
23
33
31
44
44
24
22
42
26
31
27
32
29
27
22
27
41
33
25
47
35
38
38
31
31
34
38
46
30
42
48
37
40
41
46
34
46
57
49
37
46
47
54
61
57
40
53
62
59
61
56
54
65
45
51
55
48
62
46
44
52
64
58
54
64
58
62
59
50
54
51
54
41
40
42
55
45
48
52
46
43
58
45
47
50
57
30
45
43
35
42
36
44
51
44
41
47
36
42
42
39
32
49
31
49
42
43
38
46
55
41
45
50
44
49
46
52
44
36
48
45
41
49
55
37
54
69
58
64
60
57
54
58
64
67
57
88
78
85
81
79
98
112
92
108
113
105
106
132
122
148
135
128
143
128
152
130
145
126
121
122
141
125
129
134
92
125
125
133
113
113
136
109
112
123
113
89
117
98
93
95
105
89
89
106
116
101
109
110
114
103
110
126
116
115
92
114
126
100
124
141
133
142
155
166
183
153
179
181
192
229
248
271
246
289
346
374
421
450
507
569
687
782
939
1067
1247
1433
1622
1937
2178
2568
3013
3363
3880
4616
5223
5990
6690
7413
8508
9319
10622
11622
12999
14492
15873
17470
19133
20569
22397
24088
25626
27444
29325
30824
32352
34392
35556
37081
38002
39580
40246
41060
42077
42014
42675
42573
43031
42261
41922
41574
40564
39508
38502
37502
36103
34484
32830
31617
30023
28080
26224
24712
22796
21207
19592
17933
16696
14846
13484
12405
11190
10009
8995
8045
7044
6153
5438
4647
4137
3579
3135
2636
2264
2010
1675
1445
1306
1015
864
791
655
535
463
372
323
298
248
218
194
158
145
145
126
118
106
109
99
97
91
76
61
82
75
75
80
89
80
69
78
72
96
86
107
89
83
102
92
69
92
76
99
112
82
107
108
113
133
121
133
142
136
143
144
135
175
145
170
202
188
204
237
275
291
301
302
363
365
398
494
496
543
598
716
741
865
990
1016
1182
1284
1381
1610
1745
1877
2036
2251
2430
2660
2863
3055
3174
3576
3711
3870
4080
4265
4547
4674
4969
5048
5393
5488
5415
5633
5711
5737
5658
5633
5743
5840
5807
5662
5481
5361
5309
5000
5021
4872
4727
4347
4028
4002
3668
3530
3285
3127
2786
2617
2426
2168
2129
1823
1680
1559
1376
1205
1084
983
854
785
694
632
560
536
480
412
405
305
279
240
235
193
209
175
148
149
143
123
138
126
131
116
133
137
109
120
153
134
118
136
126
132
141
184
154
165
168
162
167
193
196
171
172
192
202
196
188
186
181
171
176
181
173
193
174
159
171
165
157
136
116
105
125
113
115
101
107
80
89
63
70
68
73
56
55
37
48
47
34
34
38
25
10
21
18
13
16
10
8
6
6
4
6
6
3
10
4
1
2
2
3
2
0
2
0
0
1
0
2
1
0
3
1
0
1
1
1
2
0
3
2
2
0
0
0
1
0
0
0
2
0
0
0
1
0
0
0
0
0
0
0
0
1
0
0
0
0
0
1
0
0
0
0
0
0
2
2
1
0
0
0
0
0
1
0
1
0
1
0
0
0
1
0
0
0
0
1
0
0
0
1
0
0
0
0
0
0
0
0
1
1
1
0
1
0
0
0
0
0
1
0
0
0
1
0
0
0
1
1
2
1
0
1
0
0
0
1
0
1
1
1
0
1
0
1
2
2
1
0
0
0
1
0
0
0
1
0
0
0
0
0
0
1
0
0
1
0
0
1
0
0
0
0
0
0
1
0
0
0
1
0
0
0
0
0
0
0
0
0
0
1
0
0
0
0
0
1
0
0
0
0
0
0
0
0
0
0
0
0
0
0
0
0
0
0
1
0
0
0
0
0
0
0
0
0
0
0
0
0
0
0
0
0
0
0
0
0
0
0
0
0
0
0
0
0
0
0
0
0
0
0
0
0
0
0
0
0
0
0
0
0
0
0
0
0
0
0
0
0
0
0
0
0
0
0
0
0
0
1
0
0
0
0
0
0
0
0
1
0
0
0
0
0
0
0
1
0
0
0
0
0
0
0
0
0
0
0
0
0
0
0