cuentas
0
0
0
0
0
0
0
0
0
0
0
0
0
0
0
0
0
0
0
0
0
0
0
0
0
0
0
0
0
0
0
0
0
0
0
0
0
0
0
0
0
0
0
0
0
0
0
0
0
0
0
0
0
0
0
0
0
0
0
0
0
0
0
0
0
116
129
92
69
52
31
24
13
4
8
5
4
3
6
4
4
5
2
7
2
4
9
7
3
3
7
4
4
3
4
4
2
4
7
5
2
3
2
3
1
4
4
1
3
3
4
4
2
1
2
5
5
8
4
1
1
3
4
2
4
4
1
2
0
1
1
4
3
4
3
9
2
3
3
3
4
3
4
1
2
2
3
2
3
8
2
3
5
1
3
4
5
3
3
7
3
4
4
3
5
0
3
2
5
5
2
1
2
2
6
5
5
3
1
5
8
0
2
4
1
2
2
4
3
4
2
2
1
3
8
1
2
3
2
4
8
2
3
4
3
4
4
3
3
3
2
4
5
3
3
4
7
4
8
3
5
5
1
2
0
5
5
4
4
1
2
6
5
2
6
1
3
2
5
2
5
4
2
2
5
3
5
3
5
4
7
9
7
10
6
4
5
12
7
11
7
14
9
2
11
11
15
15
14
8
20
7
5
14
13
15
12
8
13
4
12
6
11
13
9
9
11
5
11
10
10
5
11
7
9
12
9
8
6
8
4
7
10
10
6
9
14
14
6
9
11
11
9
4
8
6
9
5
10
4
10
13
18
12
13
10
12
15
9
9
11
10
15
10
11
11
5
10
9
7
12
5
5
11
14
12
11
6
6
7
13
6
10
7
8
3
5
5
8
4
4
9
8
8
7
9
11
4
7
8
16
13
9
9
10
6
14
13
8
16
14
12
5
12
9
16
8
13
12
12
15
12
12
10
7
13
14
13
12
8
10
10
12
7
12
7
5
4
12
10
7
9
5
5
11
7
7
3
8
7
9
7
9
9
12
7
9
11
5
5
7
6
6
10
9
5
7
7
8
8
9
10
7
4
7
9
13
7
12
10
6
5
6
10
10
12
11
6
6
10
10
15
8
6
12
11
9
7
7
12
14
7
14
11
17
13
13
13
15
11
13
11
12
15
12
10
14
18
7
14
14
10
16
12
9
14
17
14
7
14
11
7
14
14
12
14
5
14
18
20
12
15
12
14
18
16
18
12
10
14
16
13
20
13
12
6
15
15
12
8
14
11
24
6
13
10
16
17
13
16
11
8
19
7
14
11
16
10
11
12
16
14
12
17
25
11
18
8
8
18
15
17
11
13
11
14
23
15
19
20
11
22
9
22
12
22
13
20
15
10
16
15
13
17
13
18
26
11
12
22
11
11
14
13
18
17
15
23
21
24
23
19
27
20
22
27
33
35
47
40
49
57
76
72
83
110
110
107
113
149
180
205
211
238
284
247
325
284
343
381
364
388
419
449
465
486
477
445
478
494
534
537
546
543
447
506
453
446
423
404
362
369
324
313
315
265
263
238
177
178
162
170
131
135
99
78
87
79
76
73
72
80
65
58
65
50
55
58
51
50
47
65
69
55
73
76
82
58
68
64
75
66
70
72
61
62
52
60
48
68
48
51
48
39
40
44
29
27
22
31
26
22
31
19
25
14
15
13
13
10
11
14
14
10
13
11
10
14
6
11
11
10
10
6
15
17
12
7
13
16
9
10
6
10
10
12
12
18
9
17
11
18
25
12
25
21
21
20
27
39
22
36
29
37
44
59
65
63
66
73
80
75
90
91
117
88
128
122
141
130
161
154
161
179
165
156
178
163
165
182
169
170
159
157
169
172
148
162
180
141
110
125
118
95
96
98
78
81
77
78
53
70
47
46
23
41
42
47
32
24
20
33
17
21
24
17
15
17
19
8
18
13
18
16
20
16
16
8
9
15
12
14
15
12
12
10
16
10
10
14
12
11
12
7
11
10
7
13
12
11
8
16
20
15
17
10
12
14
10
15
11
16
19
10
18
18
13
21
22
17
20
21
21
29
30
22
30
20
19
35
39
39
45
35
42
45
32
53
37
53
48
41
45
46
42
43
47
41
37
39
43
43
46
36
40
37
49
39
40
43
36
39
43
31
34
31
38
46
30
41
44
41
37
37
32
37
39
36
47
51
46
43
42
40
49
60
47
45
50
43
51
46
59
59
44
50
57
35
55
44
46
46
54
37
47
52
59
52
50
50
53
57
47
59
64
53
67
60
57
53
65
51
65
63
53
55
70
57
68
58
62
58
53
67
48
65
83
50
69
56
57
61
69
61
61
58
60
51
53
49
59
55
73
63
69
57
59
59
51
61
51
54
68
53
65
64
46
57
67
60
63
55
56
64
70
67
58
50
48
49
53
58
53
84
57
70
52
55
62
57
80
69
70
69
84
50
64
77
73
53
84
66
63
75
76
71
74
77
79
80
64
101
71
92
66
78
94
99
76
92
79
78
91
87
109
113
91
103
121
96
125
112
112
123
113
115
111
135
122
148
149
191
163
188
172
197
211
262
309
290
345
382
441
499
636
628
752
926
1056
1214
1397
1636
1850
2247
2546
2906
3329
3820
4359
5028
5668
6417
7101
7991
9089
9819
10880
11849
13260
14342
15434
16646
18005
18980
20617
21952
22665
24236
25119
26213
26847
27646
28469
29428
29421
29772
30202
30185
29912
29431
29239
28938
28165
27317
26617
25650
24557
23505
22439
21242
20104
18768
17618
16046
15285
13981
12772
11610
10417
9681
8594
7930
6869
6201
5363
4678
4140
3726
3256
2765
2387
2076
1761
1532
1290
1087
942
825
703
613
501
411
396
320
277
239
223
190
146
161
154
148
129
126
129
134
140
133
145
166
168
165
153
185
225
205
239
288
276
333
315
320
395
411
489
539
652
694
821
860
988
1135
1204
1384
1502
1625
1778
1871
2024
2230
2465
2614
2806
2995
3175
3380
3542
3745
3998
4116
4196
4418
4618
4540
4742
4975
5091
5025
4877
4987
4985
4993
5020
4774
4685
4608
4414
4282
4073
3958
3757
3599
3393
3191
2877
2720
2529
2391
2238
2021
1914
1704
1592
1334
1204
1162
1028
919
820
733
608
530
469
408
351
331
258
236
174
174
154
109
113
93
87
75
65
52
48
49
37
24
29
34
32
35
26
35
32
62
60
50
73
55
67
94
104
112
100
121
129
135
144
181
184
169
206
213
273
277
269
290
302
310
337
347
346
406
399
396
410
415
424
417
418
397
429
389
421
353
378
426
367
345
338
340
279
310
309
264
223
231
216
214
176
182
154
163
120
113
103
92
85
75
76
50
48
51
62
43
29
28
23
26
20
20
23
11
13
10
11
15
8
11
21
8
7
11
11
12
10
12
9
10
9
12
8
9
12
5
13
13
8
10
11
5
7
13
10
15
11
14
10
9
11
9
15
11
10
16
12
15
16
17
15
14
11
19
19
26
23
18
23
23
13
24
19
21
32
26
28
36
35
21
22
30
28
39
54
39
40
47
54
65
55
70
58
62
66
75
62
65
78
67
81
70
63
82
101
56
81
85
106
85
85
88
79
75
75
90
76
97
77
93
76
69
72
60
81
53
79
75
43
45
49
58
42
42
39
49
55
49
52
49
48
48
59
45
49
69
70
49
58
54
48
48
47
55
59
57
67
61
64
50
54
57
63
48
81
69
65
81
69
73
81
69
72
65
84
74
81
92
102
87
93
107
108
106
107
104
109
105
123
131
130
110
134
131
149
146
117
137
144
148
180
171
163
172
179
182
202
193
195
231
191
250
245
224
272
274
293
299
340
307
313
342
348
370
385
405
440
417
482
454
525
547
548
601
650
667
676
708
744
744
816
857
929
935
1003
1005
1071
1040
1130
1151
1187
1218
1271
1305
1370
1454
1517
1449
1563
1570
1627
1586
1643
1682
1717
1681
1795
1822
1779
1799
1890
1919
1933
1947
1929
2003
2004
1948
1963
1988
2007
1939
2039
2083
2130
2178
2198
2171
2275
2267
2396
2488
2572
2585
2657
2691
2835
2841
2875
2933
3108
3113
3284
3312
3342
3441
3435
3504
3510
3564
3641
3572
3472
3480
3441
3498
3449
3481
3389
3308
3078
2983
2873
2845
2737
2613
2555
2300
2227
2094
1943
1856
1746
1680
1505
1390
1287
1135
1085
944
913
767
722
645
547
493
470
410
386
320
262
249
187
200
170
131
119
105
101
97
62
69
51
48
50
38
30
19
23
21
18
13
11
14
10
6
4
11
9
7
9
4
10
8
7
9
7
6
6
5
4
7
5
3
4
2
5
8
4
6
4
4
4
5
3
2
6
4
5
6
2
5
2
3
4
4
4
3
4
6
4
4
4
3
4
5
3
3
6
3
7
4
2
4
1
5
9
4
5
5
7
8
4
6
7
5
1
2
5
3
5
4
2
4
4
3
4
3
5
4
3
5
3
5
4
4
6
4
6
4
5
3
7
4
4
9
7
8
8
4
8
5
6
10
7
8
9
12
7
8
3
10
7
6
8
9
10
6
15
11
6
7
9
8
6
9
5
1
6
1
5
3
4
2
2
5
1
4
1
2
5
2
0
2
1
3
4
0
2
1
1
0
4
0
1
0
0
0
0
0
0
0
0
0
0
1
0
0
0
0
0
2
0
0
1
1
0
1
0
0
0
0
0
0
0
0
0
0
0
0
0
0
0
0
0
0
0
0
0
0
0
0
0
0
0
0
1
0
0
0
0
0
0
0
0
0
0
0
0
0
0
0
0
0
1
0
0
0
0
0
0
0
0
0
0
0
0
0
0
0
0
0
0
0
0
0
0
1
0
0
0
0
0
0
0
0
1
1
0
0
0
0
0
0
0
0
0
0
0
0
0
0
1
0