cuentas
0
0
0
0
0
0
0
0
0
0
0
0
0
0
0
0
0
0
0
0
0
0
0
0
0
0
0
0
0
0
0
0
0
0
0
0
0
0
0
0
0
0
0
0
0
0
0
0
0
0
0
0
0
0
0
0
0
0
0
0
0
0
0
0
0
19
14
12
7
7
7
7
6
5
7
7
4
5
8
4
6
10
2
3
7
5
6
6
9
7
6
8
5
4
5
5
4
2
3
5
6
8
5
4
3
3
3
6
5
3
5
5
10
4
5
3
4
6
5
4
5
2
6
3
3
3
5
5
6
2
3
0
1
6
3
1
5
3
1
4
4
2
3
3
1
4
2
4
9
4
6
2
4
2
4
2
5
2
7
4
2
2
5
1
6
1
0
3
3
3
6
1
3
4
6
1
4
3
6
7
4
1
1
4
6
5
2
5
4
1
3
7
4
3
0
4
3
3
5
5
4
6
8
2
6
4
3
8
3
4
6
4
1
5
4
7
6
5
1
7
7
5
4
4
2
5
3
4
8
10
5
4
4
3
4
3
4
6
2
11
7
4
3
4
3
7
4
7
5
2
2
7
9
5
6
5
5
4
8
4
10
5
8
6
10
7
8
5
9
2
8
5
7
10
10
10
5
11
10
10
13
6
10
8
3
12
6
7
8
6
7
1
8
8
8
9
7
6
7
8
11
9
5
6
9
16
8
12
11
14
9
8
10
14
14
10
10
13
13
14
9
14
14
11
15
7
13
14
15
16
13
13
16
24
21
10
14
13
14
10
14
14
13
12
11
8
11
13
9
17
12
11
7
10
13
7
7
12
10
13
5
5
11
8
9
9
9
14
13
7
6
14
12
14
8
11
21
11
7
15
9
12
14
8
19
13
10
11
16
8
15
17
12
12
9
11
11
10
14
9
11
13
10
3
15
6
11
15
7
14
8
10
14
11
13
12
10
5
8
11
14
8
13
11
12
17
10
7
10
9
9
8
7
11
11
6
6
7
10
11
6
12
13
12
9
12
5
8
9
13
12
17
12
16
13
12
9
16
19
7
15
9
6
12
8
11
7
8
11
12
9
12
5
15
11
12
12
14
16
9
17
11
16
15
13
11
13
14
12
12
18
17
15
16
9
10
12
12
20
16
11
11
7
9
10
13
7
9
7
11
13
17
6
6
15
13
17
11
10
12
10
2
11
13
10
11
9
10
11
9
12
8
6
13
10
13
8
12
14
10
12
9
8
7
8
6
16
11
10
15
17
13
10
9
13
13
13
12
11
9
8
7
14
11
12
14
12
9
22
8
19
11
14
12
14
9
15
9
13
12
8
12
9
9
17
8
10
14
8
8
17
19
13
9
12
18
7
16
13
16
21
20
15
13
21
24
17
23
20
26
24
27
30
38
34
35
53
50
64
66
81
72
88
115
112
121
153
121
137
147
166
161
155
174
176
173
199
191
195
223
179
185
192
186
190
195
175
165
145
166
139
137
141
123
134
106
93
76
74
77
75
53
49
48
37
42
36
39
26
26
32
29
31
20
25
25
19
25
29
25
20
23
29
27
30
25
33
28
29
26
37
27
33
30
37
30
22
22
21
30
21
26
17
19
19
16
17
19
12
9
15
15
9
10
10
16
9
8
7
16
20
11
10
9
8
14
13
11
8
16
9
9
13
10
13
9
3
8
10
11
12
8
6
10
15
11
14
11
5
7
10
10
13
9
8
4
12
11
9
8
11
9
12
14
20
8
17
7
16
9
5
13
14
20
18
11
21
14
18
21
19
11
19
23
27
22
24
25
28
24
34
32
27
21
25
25
24
31
26
34
25
14
26
24
31
25
22
19
22
18
17
14
17
18
17
17
15
19
20
8
12
10
7
17
14
8
9
7
13
18
7
11
14
12
11
13
13
10
9
10
12
15
9
8
6
8
13
9
13
6
10
8
9
10
14
11
12
19
12
14
14
10
11
8
15
9
7
12
11
17
13
17
11
12
11
10
8
16
15
14
13
12
13
10
6
17
13
13
5
6
15
10
8
8
16
14
10
5
6
11
7
12
10
8
12
7
5
10
13
8
12
13
13
15
8
11
8
9
11
16
10
17
21
7
14
12
13
18
11
10
9
9
11
9
12
9
16
16
11
17
10
24
20
16
10
7
13
16
12
19
21
21
25
13
16
24
24
16
12
35
26
33
34
34
38
44
52
45
50
72
71
66
98
72
84
81
99
106
104
124
145
146
140
154
170
179
201
191
226
213
204
215
211
221
227
225
263
272
259
232
227
226
202
231
219
199
187
185
181
150
144
139
113
130
122
115
89
84
86
88
70
85
40
47
55
41
51
39
27
26
25
36
31
21
32
29
20
21
25
15
13
16
15
24
22
9
17
23
30
22
18
18
16
28
15
15
14
16
17
22
14
27
20
17
21
13
19
18
27
23
24
23
35
24
25
32
26
23
30
32
38
31
32
28
26
31
39
28
33
33
35
28
36
43
35
38
36
50
35
36
51
49
31
41
37
41
36
49
55
48
61
58
50
54
57
61
68
65
64
59
61
78
86
76
79
74
75
84
89
89
83
67
74
99
79
71
85
85
87
81
87
101
78
103
80
93
97
88
115
95
97
81
67
82
95
74
88
90
80
77
77
82
80
99
77
82
80
79
92
88
79
79
83
76
82
78
81
80
61
84
80
72
90
78
93
88
64
74
86
74
92
86
86
75
80
87
83
68
85
82
80
85
85
64
92
59
84
79
80
65
77
69
87
73
77
67
70
75
92
76
81
79
69
77
68
80
64
73
58
85
73
78
90
70
87
63
76
92
86
87
91
71
86
82
82
88
90
89
85
85
108
95
93
84
83
93
96
93
88
115
103
102
99
92
123
113
116
120
135
102
118
115
146
134
144
142
127
150
155
152
142
153
144
156
121
175
161
182
179
158
153
186
186
183
206
190
226
210
211
235
234
223
231
286
271
283
320
329
369
414
419
446
536
577
686
713
844
962
1126
1209
1428
1738
1904
2244
2501
2977
3357
3926
4550
5363
5959
6968
7985
9085
10215
11604
12942
14516
16244
18006
19923
21744
24024
26520
28744
31062
33399
35972
38462
41358
43966
46166
48414
50955
52799
54863
56978
58846
59865
61289
62486
63214
64090
63898
64128
63721
62649
62199
60622
59838
57805
56219
54360
52292
49820
47681
45271
42980
40350
38009
35282
32819
30736
27952
25756
23508
21485
19322
17760
15785
13809
12640
11186
9955
8512
7436
6738
5903
4986
4350
3776
3246
2826
2426
2020
1699
1494
1283
1065
902
756
660
583
439
425
412
327
288
288
243
214
190
190
191
184
177
176
166
158
176
152
204
171
188
169
170
184
187
182
190
206
210
227
249
225
232
249
239
251
275
298
340
354
379
410
421
468
468
545
590
634
725
780
887
974
1006
1132
1262
1453
1563
1773
2035
2140
2379
2506
2876
3180
3360
3720
3918
4350
4737
4995
5235
5709
6013
6375
6915
7242
7380
7918
7889
8518
8707
9118
9187
9507
9596
9604
9694
9695
9825
9882
9665
9613
9555
9017
8929
8911
8348
8192
7825
7462
7035
6604
6515
6101
5722
5222
5071
4530
4179
3977
3476
3226
3164
2712
2502
2232
2010
1723
1607
1407
1213
1053
952
825
716
684
572
471
377
330
302
267
209
210
186
118
117
100
94
65
67
60
42
50
39
35
30
37
37
29
22
37
35
24
34
28
32
29
22
31
23
21
30
35
34
26
34
42
24
32
28
19
39
21
37
32
35
41
37
43
34
47
52
32
38
45
49
47
53
54
54
48
52
66
55
64
74
73
78
67
88
67
84
95
81
105
92
101
105
105
116
139
131
161
156
158
171
186
166
171
200
213
234
225
238
251
278
262
258
285
281
308
308
326
326
339
342
380
401
362
386
401
429
420
448
435
460
451
440
438
483
455
469
482
471
522
497
509
522
545
487
551
483
530
580
562
608
637
630
588
613
635
668
668
682
660
704
688
757
779
759
754
790
794
825
795
845
841
892
884
849
865
922
883
813
833
797
844
750
722
803
745
703
661
618
622
564
594
503
499
424
447
399
388
359
332
331
264
243
226
200
199
176
143
157
128
98
113
91
68
68
51
53
41
40
39
29
36
30
19
16
13
12
16
7
9
6
7
8
5
7
2
4
0
1
2
3
3
1
2
0
0
1
3
0
3
2
4
1
1
1
0
0
0
2
1
0
1
2
1
1
0
0
2
1
1
0
0
0
1
2
0
2
3
0
1
2
1
0
1
1
3
1
2
4
1
3
1
2
2
0
1
0
1
0
3
0
1
0
0
0
1
1
1
1
2
0
1
2
1
0
3
2
1
1
2
2
1
1
1
1
1
1
1
2
1
2
1
1
1
1
0
5
2
0
1
1
4
4
1
2
3
2
3
1
3
0
2
2
3
0
2
0
2
1
1
2
3
1
2
1
1
2
1
0
1
1
0
2
0
2
2
1
1
1
2
1
1
0
3
0
0
1
0
0
0
0
0
2
0
0
1
0
1
0
0
1
0
0
0
0
0
0
0
0
0
0
0
0
0
0
0
0
0
1
1
0
1
0
0
1
1
0
2
1
0
0
1
0
1
0
1
0
0
2
0
0
1
2
2
1
1
1
1
1
0
3
1
0
1
0
3
0
0
1
2
2
0
2
0
0
2
2
0
0
0
0
0
0
0
2
0
1
0
0
0
3
0
0
0
1
0
0
2
0
0
1
0
1
1
0
1
1
0
0
0
0
0
0
0
0
0
1
0
0
1
0
0
0
0
1
0
0
0
0