cuentas
0
0
0
0
0
0
0
0
0
0
0
0
0
0
0
0
0
0
0
0
0
0
0
0
0
0
0
0
0
0
0
0
0
0
0
0
0
0
0
0
0
0
0
0
0
0
0
0
0
0
0
0
0
0
0
0
0
0
0
0
0
0
0
0
0
1
1
0
2
1
6
5
0
6
5
6
2
3
4
5
7
1
6
4
10
9
12
5
7
1
3
11
10
12
3
2
6
11
6
13
7
5
6
3
7
4
10
5
5
13
4
2
5
20
10
4
4
9
6
9
10
5
6
5
10
6
3
10
7
6
6
7
7
9
16
7
7
3
6
7
7
7
11
10
6
8
14
8
14
10
7
9
9
7
8
10
8
13
9
15
13
6
11
9
11
8
16
14
7
3
6
9
10
10
5
7
13
12
13
14
5
14
11
15
7
8
9
11
22
7
10
11
11
10
13
10
5
8
11
17
16
18
11
8
12
12
19
14
14
13
14
11
12
7
18
11
16
5
15
12
16
15
9
13
19
13
16
21
17
14
15
13
15
13
15
19
13
13
12
15
24
9
25
14
19
17
17
19
12
14
28
18
20
24
20
20
20
25
36
29
27
29
26
28
30
36
26
33
30
27
29
21
34
32
34
25
27
34
28
28
25
26
33
29
37
29
34
33
37
37
30
34
27
35
47
39
28
39
42
35
48
37
37
43
33
37
52
40
34
45
41
52
48
45
47
52
58
58
51
64
58
49
51
50
60
61
67
50
50
52
53
49
63
46
44
54
56
43
55
43
49
54
48
34
48
34
39
39
50
43
32
54
36
50
53
52
49
46
42
43
49
37
42
50
29
48
40
46
52
50
39
68
34
44
51
45
54
48
55
43
59
52
37
49
48
54
37
60
45
52
43
36
50
45
51
40
52
49
46
42
62
51
49
56
52
63
59
62
53
71
79
80
64
99
102
92
118
123
117
132
148
164
169
185
184
199
194
249
245
264
299
260
246
281
233
274
255
272
277
236
238
266
242
206
247
226
189
204
160
161
162
130
140
120
115
114
121
120
109
99
89
88
80
78
75
58
75
57
71
66
52
64
67
69
61
52
61
43
50
55
60
53
58
61
68
62
64
49
68
53
62
53
63
71
73
76
66
76
60
60
61
67
57
70
67
59
63
53
54
41
48
51
55
51
57
65
59
46
42
50
50
42
50
41
42
43
41
44
35
45
45
37
43
31
47
42
50
48
44
61
41
51
61
58
54
40
46
55
62
53
53
43
57
30
46
45
45
50
44
36
42
36
41
44
49
45
43
45
44
42
44
56
44
44
50
57
56
30
37
46
38
42
44
51
57
42
54
53
46
49
43
65
53
39
57
45
65
63
52
67
54
74
76
84
89
103
86
97
115
147
124
173
189
199
255
269
285
309
337
381
405
438
473
470
542
593
588
637
612
650
662
727
664
677
722
700
724
659
676
674
645
644
605
542
540
497
484
455
444
344
361
303
292
258
227
226
192
182
168
152
147
126
106
115
102
109
105
92
92
105
86
110
101
103
76
112
100
102
124
119
115
117
103
129
104
110
102
122
103
114
107
116
98
101
101
89
85
72
63
72
71
94
85
59
66
55
55
46
35
47
36
44
45
40
48
48
51
31
35
47
49
42
32
40
36
36
46
37
33
39
35
44
30
31
35
26
32
35
32
38
25
37
55
42
40
30
30
33
40
30
40
33
28
38
45
40
40
43
42
32
39
55
35
67
44
49
52
47
61
65
73
65
69
67
66
82
84
77
80
113
122
115
103
115
117
117
126
142
122
113
126
113
122
126
107
103
99
97
106
97
98
88
84
93
80
67
76
90
56
72
61
57
47
54
41
50
50
59
42
45
43
44
45
45
49
49
35
33
42
39
41
45
29
46
56
44
42
49
33
46
59
46
40
44
45
44
46
54
52
50
37
53
44
40
54
43
54
55
56
60
57
52
44
42
53
47
51
47
50
44
47
46
46
58
44
41
45
53
36
44
37
48
41
40
38
47
40
41
48
45
43
50
60
46
48
42
39
56
46
48
54
51
47
64
47
38
61
37
42
40
52
50
42
40
49
39
53
48
43
54
47
44
42
57
55
56
36
60
46
52
39
44
53
61
52
62
53
65
59
62
56
70
59
62
66
57
66
69
95
72
87
86
94
77
102
108
133
138
152
143
162
172
191
216
218
233
277
301
316
348
381
383
451
490
466
554
626
588
674
734
747
805
795
790
866
841
925
985
1021
973
932
955
938
937
914
921
861
866
864
852
806
762
689
716
643
646
550
556
495
484
405
381
332
340
280
283
227
209
221
192
186
164
159
141
122
111
101
105
110
94
98
93
100
72
81
80
91
76
76
99
85
78
68
84
103
80
89
72
75
83
99
67
90
95
103
90
93
86
107
99
96
87
95
99
97
98
81
95
124
114
120
95
112
96
120
115
111
110
128
114
129
112
128
127
144
159
150
157
159
133
143
127
192
180
170
182
188
190
168
192
193
192
184
206
207
221
219
250
231
231
243
233
272
247
264
285
288
289
371
296
326
303
353
353
327
364
329
316
379
391
397
352
358
387
373
386
401
376
365
397
389
403
407
426
388
407
413
329
390
388
404
350
374
401
369
349
382
358
375
386
367
368
359
385
346
371
341
385
365
386
363
304
346
375
315
335
347
313
327
343
338
329
320
354
339
272
297
309
290
322
307
308
318
289
323
289
291
334
335
291
296
303
287
299
310
327
290
325
346
319
285
290
307
291
298
309
283
291
292
305
296
307
304
341
327
324
344
358
321
335
345
333
364
374
386
364
364
368
388
392
418
400
394
366
410
478
470
399
436
475
443
415
472
453
483
486
494
521
484
518
501
507
503
470
479
529
539
510
537
530
588
520
558
591
591
574
583
638
614
582
656
721
642
689
660
715
717
725
754
771
824
791
867
874
975
879
1019
1044
1052
1099
1167
1219
1249
1309
1497
1573
1753
1989
2043
2418
2672
3072
3524
3949
4528
5356
6062
7233
8297
9839
11436
13079
14919
17543
20597
23186
26570
30781
34854
39712
44456
50567
56723
63755
70953
78424
87088
95844
105329
115064
125203
135230
144945
155971
166180
176345
186628
197377
206132
215574
224922
231130
237872
244036
248999
252887
256786
258639
258788
258279
256659
253339
249900
244979
239512
231610
224554
216220
206879
197285
188286
177435
166894
157185
146845
136309
125610
115859
106290
97779
88870
80221
71997
64479
58500
51693
45883
40600
35865
31310
27158
23648
20303
17709
15006
13147
11290
9661
8081
6862
5982
4965
4355
3558
3039
2691
2249
1955
1705
1483
1330
1160
1010
1019
848
834
763
742
716
689
645
677
685
676
680
711
680
687
728
672
720
716
753
741
817
819
793
791
866
922
877
898
940
1049
1090
1147
1180
1238
1394
1561
1574
1728
1887
1987
2253
2457
2754
3048
3384
3622
4005
4430
4866
5451
6229
6969
7539
8183
9195
10173
11248
12262
13270
14585
15678
17214
18541
20201
21287
22924
24273
25979
27467
28640
29954
31276
32571
33806
34639
35478
36373
36994
38027
38140
38652
38798
38359
38361
37931
37342
36661
35844
35198
33727
32778
31903
30299
29053
27535
25723
24387
22941
21630
19763
18340
17254
15672
14330
13091
12031
10946
9627
8665
7738
7012
6085
5465
4841
4158
3775
3190
2836
2421
2077
1759
1565
1331
1111
937
819
676
604
484
432
355
279
265
210
204
155
128
128
97
105
71
80
93
67
71
56
61
63
55
57
64
61
53
70
52
44
64
52
62
66
66
65
77
61
67
77
57
69
84
70
88
67
84
87
83
90
103
69
89
112
84
96
122
115
93
103
106
126
123
136
110
136
167
133
168
167
162
153
169
186
216
207
211
212
233
243
266
288
275
322
301
356
349
351
389
434
408
444
481
464
464
477
499
561
577
611
662
597
676
665
748
756
791
764
748
825
809
870
875
899
885
972
1023
976
1063
967
1012
1052
1117
1094
1229
1182
1222
1288
1320
1337
1377
1454
1458
1577
1603
1646
1736
1854
1823
1960
2061
2073
2216
2280
2480
2480
2524
2690
2698
2875
2871
2929
3004
3198
3126
3112
3147
3257
3325
3213
3302
3181
3203
3252
3020
3099
3058
2983
2827
2737
2639
2541
2456
2365
2200
2057
1944
1897
1708
1613
1495
1386
1304
1167
1004
989
951
772
737
675
625
547
488
412
389
344
289
255
237
187
188
169
134
124
107
83
72
65
65
51
44
43
38
35
37
37
28
25
28
23
25
19
22
13
17
16
13
12
19
9
11
16
15
12
21
13
18
22
24
18
21
9
14
12
17
10
13
14
16
16
14
18
10
11
13
9
10
13
14
9
11
8
10
11
4
7
3
8
2
10
7
7
9
10
5
9
6
6
7
10
7
7
9
4
8
5
4
10
7
6
2
3
3
7
4
8
5
8
3
5
6
4
5
4
5
3
6
4
8
13
8
6
6
10
9
4
7
7
6
9
9
8
10
11
13
6
8
9
8
10
7
5
11
12
7
11
11
5
6
6
7
8
10
1
11
17
6
8
2
7
5
8
10
5
5
8
9
5
5
5
7
2
4
6
8
4
3
4
4
4
4
6
4
4
2
6
2
2
3
2
4
0
6
3
6
7
7
4
2
3
3
4
1
3
2
6
7
7
3
3
7
6
5
8
3
4
4
9
13
9
11
8
10
15
9
8
12
11
8
15
16
14
9
20
11
17
18
24
15
12
17
24
18
16
15
21
14
9
17
14
11
17
25
13
20
6
12
13
10
8
12
11
9
7
13
9
8
6
8
5
7
5
5
4
6
7
5
5
2
9
7
6
5
4
5
3
5
6
1
4
4
4
4
6
5
2
1
1
1
4
5
1
2
1
2
3
2
2
1
2
3
2
2
3
4
2
2
2