cuentas
0
0
0
0
0
0
0
0
0
0
0
0
0
0
0
0
0
0
0
0
0
0
0
0
0
0
0
0
0
0
0
0
0
0
0
0
0
0
0
0
0
0
0
0
0
0
0
0
0
0
0
0
0
0
0
0
0
0
0
0
0
0
0
0
0
15
15
8
18
10
8
7
10
12
7
10
9
7
14
13
3
11
5
6
7
6
5
7
11
6
13
7
4
8
7
5
7
6
10
7
9
12
8
4
4
10
2
7
7
7
10
7
9
7
8
9
11
6
10
6
9
10
7
9
7
11
19
14
13
10
10
17
14
10
8
15
17
20
8
10
20
7
6
9
8
16
11
11
11
10
13
12
12
11
10
15
17
13
10
18
5
20
19
16
18
18
13
15
15
10
15
23
21
26
31
25
21
35
20
32
36
35
53
40
46
38
58
52
73
67
76
88
103
94
107
105
106
110
108
120
115
98
120
90
109
92
100
88
96
99
70
72
75
66
51
54
60
56
48
47
29
39
26
34
29
29
24
30
20
38
24
19
34
25
19
24
24
25
20
19
30
27
13
31
21
26
26
34
21
28
16
23
25
36
26
31
21
20
24
18
25
24
23
19
34
27
24
29
27
24
27
36
31
24
26
24
19
34
19
21
25
34
25
27
15
19
17
18
16
24
19
11
9
19
24
18
14
7
24
20
19
11
13
19
16
11
31
13
14
26
18
21
28
21
21
27
18
23
23
31
25
37
29
35
34
39
51
56
38
52
53
66
63
70
77
79
81
88
94
105
94
142
108
124
101
105
121
138
131
117
121
122
104
110
100
78
85
84
77
84
61
60
55
60
63
48
49
43
40
42
46
39
29
36
32
36
33
39
42
35
31
34
40
41
41
48
49
59
44
60
50
62
53
62
59
69
66
47
70
86
91
64
77
58
86
62
83
79
99
82
88
90
95
105
102
93
96
101
105
117
112
96
99
87
122
92
90
100
110
117
102
100
111
97
125
99
104
117
106
94
96
100
96
81
115
96
98
92
111
97
117
91
91
104
109
110
93
80
102
97
95
75
88
136
84
101
84
101
102
111
114
100
102
106
122
89
128
96
120
136
119
121
117
118
116
122
113
139
122
131
128
123
126
123
103
137
117
125
143
128
134
132
149
135
145
137
144
129
136
159
126
175
139
162
181
143
183
165
173
188
177
185
199
191
212
222
221
225
225
223
257
247
312
337
351
379
433
483
554
590
633
738
894
966
1123
1333
1437
1641
1900
2106
2246
2578
2825
3291
3560
3844
4198
4418
4797
5121
5442
5610
5828
6109
6294
6425
6663
6671
6798
6672
6748
6621
6524
6262
6109
5853
5755
5231
5108
4709
4414
4075
3841
3429
3070
2908
2545
2419
2072
1980
1826
1625
1504
1324
1326
1142
1113
1042
1044
971
978
934
937
1008
950
945
988
932
954
952
942
908
996
945
880
893
935
943
923
881
916
926
916
899
870
929
869
953
883
879
956
1009
961
987
973
1022
1022
967
1017
1002
984
986
944
952
913
869
820
855
791
733
662
673
579
556
463
499
438
443
378
350
317
308
276
241
207
254
231
213
208
234
203
223
222
214
270
268
287
335
365
378
446
536
568
693
796
886
1000
1130
1194
1429
1756
1872
2143
2460
2604
3073
3307
3700
4035
4378
4789
5279
5686
6156
6512
6793
7194
7588
7924
8318
8495
8461
8930
8898
8840
8646
8636
8594
8699
8352
8089
7802
7347
6980
6750
6318
5965
5534
4987
4703
4272
3833
3423
3131
2756
2469
2185
1870
1691
1434
1338
1141
960
899
828
728
670
647
588
564
591
568
586
635
655
651
725
799
837
897
932
1028
1078
1146
1200
1270
1332
1285
1300
1414
1386
1407
1401
1342
1394
1380
1398
1343
1211
1308
1223
1158
1031
1024
968
898
850
745
718
614
569
558
488
423
330
321
290
252
250
202
183
147
124
94
86
76
67
59
40
41
32
36
23
22
18
18
16
15
13
9
6
13
8
9
7
8
3
3
2
4
3
2
4
3
3
10
3
2
4
5
6
3
3
3
8
3
2
9
3
5
2
2
5
7
3
6
3
1
3
5
3
2
3
6
2
8
2
6
4
4
4
1
5
4
8
2
4
4
3
4
5
3
1
3
7
5
3
0
2
3
2
4
6
2
1
1
0
2
3
3
4
1
4
1
1
3
1
2
1
3
2
2
0
5
2
1
2
1
1
2
4
6
4
3
2
0
1
2
5
5
3
3
4
2
3
0
2
2
4
1
0
3
5
0
3
8
3
3
3
2
4
5
4
6
1
4
5
4
8
3
6
3
2
3
3
6
7
7
6
7
6
8
6
8
3
4
7
3
2
5
6
0
3
5
5
2
2
6
1
3
4
1
1
2
4
3
1
2
3
3
1
3
3
2
3
4
0
4
2
3
2
2
0
2
2
1
2
1
2
2
1
2
2
2
3
0
1
1
4
6
5
0
1
1
2
1
2
4
4
0
2
3
1
1
4
4
2
4
4
3
4
4
4
3
4
6
2
2
1
0
1
2
3
1
1
3
2
1
3
0
1
1
1
2
2
0
7
3
1
4
1
0
3
4
0
3
2
2
2
1
1
4
0
2
1
3
1
2
1
2
1
5
1
1
2
1
3
7
1
5
6
2
7
4
5
4
4
5
3
5
2
6
5
5
2
4
3
2
6
4
4
6
2
1
5
7
5
3
2
7
2
3
2
10
3
3
4
3
5
2
5
6
5
0
1
3
6
3
4
0
3
4
3
2
1
3
3
2
3
3
8
3
3
1
2
6
2
3
3
5
0
6
1
1
1
4
1
4
5
0
2
3
2
1
2
6
2
4
3
0
4
1
3
4
5
1
2
3
1
2
4
1
4
4
7
3
1
3
0
1
1
3
1
3
1
5
4
1
4
5
12
2
2
1
2
1
3
2
1
6
1
3
3
6
7
5
1
6
6
2
7
3
4
9
6
9
7
6
8
11
9
8
5
8
7
17
6
5
11
6
10
11
11
4
9
18
10
10
3
9
9
3
9
14
8
11
7
7
11
4
7
11
6
5
8
7
8
10
9
7
10
6
11
6
7
8
5
14
6
12
8
4
16
17
15
13
12
7
10
16
12
14
18
22
12
24
23
13
16
16
27
27
13
19
23
16
28
23
25
29
24
29
30
33
34
26
27
30
27
38
39
30
38
40
35
31
38
32
40
36
34
39
29
28
26
32
23
25
28
27
38
27
35
26
28
23
25
18
18
22
14
19
14
23
19
19
13
9
12
10
13
11
4
10
11
8
10
13
10
12
14
3
14
12
8
12
6
17
10
8
7
14
6
10
13
10
10
5
10
9
13
11
11
11
9
17
6
9
8
11
8
10
10
10
11
9
13
6
15
9
14
20
12
17
11
11
13
10
8
13
15
11
11
14
12
19
12
18
17
16
12
16
17
16
11
13
21
20
14
18
17
20
18
25
16
18
15
18
26
30
22
17
23
21
20
24
31
29
14
22
28
26
33
28
16
32
24
21
39
28
27
24
23
35
43
38
39
32
38
26
38
40
28
42
32
37
18
38
32
33
35
35
25
29
53
43
37
52
57
41
52
46
36
59
45
51
59
44
43
67
58
47
56
65
65
56
60
66
73
70
71
66
68
65
83
68
74
72
80
78
80
69
71
86
79
84
81
104
109
87
107
84
111
99
103
108
111
98
99
133
119
113
130
115
136
134
132
120
134
166
152
157
154
154
174
171
184
179
216
216
203
170
186
215
206
209
228
232
245
251
263
275
267
298
315
292
311
360
328
371
390
386
368
442
432
466
474
512
542
580
553
598
638
649
683
703
722
800
807
797
915
904
963
1021
1036
1063
1044
1136
1279
1257
1275
1349
1349
1371
1397
1553
1476
1509
1625
1612
1539
1740
1689
1814
1815
1816
1844
1903
2049
1962
2083
2220
2261
2229
2372
2425
2528
2597
2794
2892
3059
3151
3294
3409
3567
3820
3976
4128
4379
4566
4926
5142
5209
5374
5691
5796
5952
6160
6349
6661
6514
6831
6826
6927
7078
7014
6965
7052
6849
6949
6925
6585
6566
6346
6254
5909
5798
5522
5302
5007
4826
4584
4320
4137
3797
3513
3276
2973
2752
2548
2373
2145
1985
1753
1555
1415
1282
1211
1035
899
826
705
662
507
476
406
352
303
310
209
216
165
152
126
97
96
65
70
67
67
60
44
35
37
35
27
26
29
25
18
26
25
26
24
17
14
17
12
12
9
4
12
13
10
5
12
14
12
10
8
7
6
7
8
6
6
3
4
5
8
9
4
7
6
7
5
10
8
4
13
6
6
6
7
10
6
6
2
4
4
6
5
6
5
5
3
3
4
11
4
7
7
5
13
8
5
6
7
9
5
5
7
4
4
7
5
7
3
8
1
6
4
2
3
4
6
3
11
2
9
6
2
7
8
10
12
9
12
7
9
12
11
6
13
11
8
11
19
10
9
14
13
13
17
11
7
16
10
24
15
18
11
11
17
7
19
12
13
10
11
8
10
5
5
8
7
6
4
3
1
8
1
4
2
3
6
2
6
1
1
1
1
3
1
0
0
0
3
0
3
0
0
0
0
1
0
0
0
0
0
1
1
0
0
1
0
0
0
2
0
0
0
0
0
0
1
0
0
0
0
1
0
0
0
0
0
0
0
0
1
0
0
0
1
0
0
1
0
0
0
0
0
0
0
0
0
0
0
0
0
0
0
0
0
0
0
0
0
0
0
0
0
0
1
0
0
0
0
0
0
0
0
1
0
0
0
1
0
1
0
0
0
0
2
1
0
0
0
0
1
0
1
0
0
0
0
0
1
0
0
1
0
0
0
0
0
0
0