cuentas
0
0
0
0
0
0
0
0
0
0
0
0
0
0
0
0
0
0
0
0
0
0
0
0
0
0
0
0
0
0
0
0
0
0
0
0
0
0
0
0
0
0
0
0
0
0
0
0
0
0
0
0
0
0
0
0
0
0
0
0
0
0
0
0
0
16
28
17
20
8
5
4
8
4
4
4
5
3
3
3
1
6
7
6
4
8
4
5
6
8
5
6
3
9
7
6
7
5
6
7
4
2
5
6
6
5
2
4
4
8
0
2
3
0
4
5
4
6
4
2
5
2
5
4
4
4
7
2
2
2
2
5
6
5
1
1
2
1
4
2
6
3
3
2
5
1
4
3
5
0
3
4
1
2
3
3
3
2
4
3
3
1
2
3
5
4
1
5
3
3
3
2
2
1
2
4
3
6
4
5
4
5
3
5
2
5
1
2
3
2
1
5
5
3
1
4
2
2
2
2
2
3
3
4
4
1
6
5
6
6
8
6
6
7
6
3
5
2
4
3
4
1
1
4
2
8
5
5
5
4
4
4
1
3
2
5
2
3
1
2
1
3
4
4
5
9
1
0
9
6
5
4
10
4
4
4
4
2
4
5
1
7
4
6
4
10
6
5
8
11
9
17
7
4
11
7
6
5
4
9
6
2
7
6
5
14
9
7
9
6
9
8
12
1
7
15
9
6
12
4
11
6
6
10
9
12
9
4
4
13
12
10
7
8
12
12
14
8
9
13
10
9
8
9
6
10
9
8
12
12
12
7
4
10
13
12
7
9
11
8
11
8
8
8
11
8
7
7
6
5
6
5
9
13
7
13
12
8
15
3
8
10
11
5
14
16
13
10
7
23
19
13
25
12
14
15
16
18
31
19
22
22
21
16
13
16
15
24
20
12
10
14
12
15
20
11
19
16
16
14
13
11
11
9
16
6
8
13
10
5
9
5
10
4
10
15
15
8
5
9
4
12
8
11
6
9
4
9
4
10
9
11
7
9
12
13
6
4
6
9
6
14
8
4
9
7
6
7
15
11
10
7
7
8
10
4
5
13
11
14
13
6
8
9
9
9
7
14
14
9
14
7
10
11
7
7
15
8
4
9
10
7
7
6
15
10
8
19
13
11
11
8
5
7
7
11
2
12
6
11
12
8
7
7
8
15
16
8
6
14
11
9
5
5
7
12
7
12
11
11
6
4
9
7
11
13
11
7
13
10
14
4
8
10
9
11
10
8
8
9
6
3
9
6
11
7
14
8
12
9
11
12
9
10
10
10
10
11
8
17
8
7
16
12
11
8
7
15
8
9
8
8
12
4
6
5
10
13
11
8
11
10
16
16
12
12
13
8
8
11
8
11
11
10
13
13
5
13
13
10
10
18
15
13
18
19
25
17
19
20
21
29
27
26
34
29
27
51
47
54
69
59
77
72
88
96
104
99
117
143
137
132
153
156
158
168
153
157
155
169
141
159
161
161
149
117
142
147
161
133
96
110
111
73
88
78
86
56
58
47
52
49
40
41
30
35
30
30
16
19
23
25
17
29
18
22
22
19
27
25
25
23
27
27
31
26
31
26
28
32
30
21
32
28
24
16
17
30
24
22
21
20
27
22
12
22
14
16
13
19
11
13
12
12
12
9
11
9
13
4
8
9
7
12
12
6
10
15
10
11
6
8
11
14
11
8
7
11
5
9
13
8
14
8
11
10
8
14
18
10
9
9
12
12
8
9
9
7
10
6
7
9
10
9
8
5
10
14
6
16
15
18
13
12
14
16
28
19
15
20
17
23
24
27
31
27
25
30
32
35
31
36
41
34
31
27
29
43
34
26
20
25
22
20
29
23
21
20
28
30
14
17
19
16
17
16
9
13
17
13
11
8
17
11
16
13
11
13
14
13
13
17
13
7
14
10
15
13
9
11
12
18
16
16
18
16
14
12
19
19
17
17
17
25
22
24
28
21
37
35
33
45
48
39
63
61
63
58
82
71
79
74
108
128
127
142
141
134
145
158
162
170
191
189
200
182
211
199
204
210
212
207
214
176
167
172
187
166
156
159
144
147
113
143
125
118
108
88
103
82
88
62
63
43
50
52
47
34
40
32
22
19
21
23
22
12
18
20
20
15
12
13
18
10
14
12
16
14
8
14
10
9
10
16
12
13
8
18
20
20
14
13
16
16
19
17
18
22
16
15
18
18
21
22
23
24
25
31
21
26
25
20
20
19
20
18
22
15
20
22
25
37
15
33
29
37
36
32
30
29
38
32
34
24
41
43
43
47
47
48
47
46
51
56
58
57
53
49
65
64
61
46
51
70
60
51
70
66
74
73
60
65
74
69
69
54
47
64
57
55
63
61
62
65
52
62
66
69
54
61
71
59
53
79
48
75
73
66
84
48
65
58
60
84
55
63
78
75
71
59
69
70
73
70
64
77
62
84
76
67
60
67
69
70
71
65
68
65
76
74
72
60
77
81
77
72
72
75
72
73
70
54
74
94
45
71
73
67
72
63
66
63
63
48
88
78
76
81
50
74
70
74
68
72
71
85
68
59
64
60
80
66
71
66
76
56
67
73
74
67
78
73
65
72
77
75
62
76
75
79
70
73
77
79
83
85
79
83
89
85
79
92
88
71
78
93
77
78
82
91
98
93
82
94
95
92
103
106
105
109
97
104
111
82
118
117
99
120
113
128
129
128
128
139
156
141
133
138
133
139
162
160
156
162
149
184
185
184
216
208
197
238
245
252
234
283
333
329
388
427
479
554
610
685
783
904
1096
1256
1428
1630
2038
2223
2600
3022
3600
4154
4801
5392
6211
7074
8217
9311
10496
11641
13202
14730
16262
17876
19523
21334
23507
25360
27216
29263
31108
33089
35165
36328
38538
40115
41903
42974
43940
44922
46230
46706
47103
47299
47137
47173
46509
45590
44464
43691
42159
40703
39157
37581
35933
33923
32208
29956
27902
26109
24082
22277
20298
18761
17030
15302
13839
12346
11003
9937
8932
7691
6766
5813
5058
4463
3764
3297
2793
2381
2037
1774
1492
1233
1050
870
726
659
576
483
362
348
288
278
209
222
218
206
158
153
165
158
158
154
153
129
158
161
171
170
165
162
177
175
174
191
192
220
250
246
257
290
311
317
345
381
399
451
499
544
605
707
796
820
860
1002
1179
1251
1233
1544
1705
1772
1994
2282
2457
2732
2851
3166
3393
3667
3970
4145
4456
4787
5064
5289
5597
5787
6041
6194
6616
6673
6883
6936
7212
7250
7148
7274
7263
7330
7118
6965
7029
6604
6569
6357
6281
5882
5658
5378
4999
4896
4626
4262
4064
3617
3338
3139
2845
2628
2445
2140
1935
1761
1576
1356
1205
1088
915
813
683
574
534
472
383
333
290
243
206
167
132
111
108
82
66
64
46
34
34
25
22
17
13
15
7
16
9
9
11
6
4
2
4
6
9
5
5
3
5
5
4
6
3
6
2
4
13
7
9
2
6
8
12
7
8
13
7
2
7
2
4
10
9
12
11
11
10
18
10
12
21
10
22
5
18
22
17
22
16
17
13
20
15
16
22
20
24
28
16
17
17
21
30
16
14
12
19
20
10
16
23
16
13
20
17
11
20
12
19
15
11
12
12
17
6
9
8
8
15
11
4
8
12
7
13
9
8
9
4
13
12
6
12
13
6
13
9
10
8
14
9
9
16
9
18
14
15
19
23
11
18
12
18
19
16
17
17
9
17
18
13
14
17
22
18
13
13
19
10
23
21
16
16
20
28
27
23
31
27
25
23
23
23
36
32
35
29
27
38
48
39
42
36
39
39
30
45
48
52
56
58
53
59
50
68
64
75
78
80
74
78
89
92
83
95
115
117
117
161
117
133
137
155
151
153
169
172
194
183
206
205
213
204
246
240
267
251
264
262
258
291
265
314
295
304
311
325
314
315
330
332
333
347
380
378
344
361
361
374
404
395
422
375
447
471
447
456
489
523
525
552
564
560
581
566
588
655
612
644
675
727
750
766
790
807
818
841
849
873
811
878
872
857
830
820
788
787
777
822
751
697
671
689
646
573
645
573
472
494
411
483
415
394
327
320
298
281
237
227
169
174
191
140
146
121
101
96
83
79
63
63
43
45
39
33
30
20
17
17
14
18
15
11
8
10
4
6
9
7
1
2
6
1
4
3
3
0
2
4
1
3
0
1
1
2
1
3
2
3
0
1
3
0
1
2
2
1
0
0
0
0
1
0
0
1
1
2
1
0
1
0
1
2
0
2
1
1
0
1
0
0
3
1
0
1
1
0
3
4
0
1
0
0
0
1
1
1
1
0
1
1
2
1
0
0
0
1
0
0
1
0
1
0
0
1
1
1
1
1
1
0
2
1
0
0
1
1
1
0
2
2
1
3
1
3
2
2
5
1
0
2
0
0
1
2
2
0
3
2
1
2
1
0
0
2
0
1
3
2
3
0
3
0
2
1
0
2
0
1
2
0
0
0
0
3
0
0
0
1
2
0
1
0
0
0
0
1
0
0
0
0
0
0
0
0
0
0
0
1
0
0
0
1
0
0
0
0
0
0
0
0
0
0
0
0
0
0
0
0
0
0
0
0
0
0
0
1
0
0
0
0
0
0
0
0
0
0
0
0
0
1
0
0
0
0
0
0
0
0
0
0
0
0
0
0
0
0
0
0
0
0
0
0
0
0
0
1
0
0
0
0
0
0
0
0
0
0
0
0
0
0
0
0
0
0
0
0
0
0
0
1
0
0
0
0
0
0
0
0
0
0
0
0
0
0
0
0
0
0
0
0
0
0
0