cuentas
0
0
0
0
0
0
0
0
0
0
0
0
0
0
0
0
0
0
0
0
0
0
0
0
0
0
0
0
0
0
0
0
0
0
0
0
0
0
0
0
0
0
0
0
0
0
0
0
0
0
0
0
0
0
0
0
0
0
0
0
0
0
0
0
0
225
242
152
84
66
54
32
26
16
9
2
5
8
7
2
7
2
2
2
4
3
0
1
3
7
1
3
1
1
2
3
2
2
7
4
0
3
5
6
5
3
3
4
1
1
6
6
10
3
7
6
8
5
5
6
7
8
12
15
10
13
11
10
13
14
20
19
13
19
16
15
14
28
18
16
21
19
18
16
12
9
14
14
13
11
4
5
5
9
3
4
8
7
2
3
5
2
2
3
4
4
5
2
4
3
2
3
3
2
2
2
2
1
3
0
3
1
0
1
2
3
1
2
1
3
0
0
2
3
4
2
2
0
3
2
1
1
3
2
3
2
1
1
2
5
1
2
1
4
2
2
2
3
1
1
2
3
1
4
3
1
3
2
2
1
0
2
1
1
2
2
1
4
2
2
1
3
3
2
3
3
0
2
4
1
2
3
3
4
3
3
5
8
2
1
5
3
12
8
7
4
7
9
11
5
4
5
4
7
10
7
8
10
6
7
3
8
6
7
3
4
9
7
2
3
1
3
4
1
3
1
3
4
1
4
3
3
3
0
3
3
1
4
3
2
1
2
4
4
4
1
3
2
1
5
4
4
3
3
2
7
5
8
7
4
5
1
0
6
5
7
6
4
5
7
3
4
5
12
14
10
11
7
10
12
12
7
14
16
12
16
15
11
22
17
25
17
15
13
20
15
15
16
12
23
20
15
8
17
17
15
24
13
12
9
19
20
20
14
20
19
22
26
16
27
25
18
14
9
15
23
21
13
11
13
18
17
19
19
22
18
11
21
13
17
19
20
19
18
20
5
17
14
17
17
23
9
21
24
17
22
21
20
26
19
13
16
18
23
18
17
13
14
18
18
20
21
21
16
25
19
15
27
27
22
19
24
28
28
19
25
35
25
34
32
36
31
26
44
34
33
37
36
53
40
52
58
72
52
88
92
92
117
150
146
178
179
221
234
300
315
339
356
408
438
492
510
575
566
668
680
716
739
717
786
824
791
838
810
834
842
853
821
781
762
693
694
669
642
615
522
510
457
464
408
412
364
334
315
253
251
240
200
176
183
151
170
118
111
123
108
113
97
94
87
72
68
61
68
86
62
62
66
51
59
49
46
45
36
46
34
33
24
23
20
22
13
14
12
16
12
16
20
8
13
12
8
11
17
14
6
18
11
12
10
13
11
10
7
9
11
11
7
8
13
11
9
14
16
17
11
10
12
14
10
12
14
14
10
19
25
20
30
22
39
37
57
49
45
66
74
88
76
97
91
127
133
161
179
190
190
197
228
236
285
272
322
327
307
328
371
328
394
384
404
393
394
386
390
386
353
393
325
324
300
281
271
265
258
251
200
210
187
157
163
143
126
106
96
71
71
82
64
76
50
48
58
43
32
38
44
37
48
39
54
41
60
52
44
59
51
58
48
52
46
48
43
58
50
57
50
40
51
36
38
37
30
36
25
26
24
29
30
21
25
15
14
12
8
14
10
7
10
4
4
1
6
4
6
2
5
4
4
3
0
3
2
2
1
4
1
2
0
1
2
1
3
0
3
1
1
0
1
0
1
0
2
1
0
1
3
1
1
1
0
1
2
1
2
1
0
3
1
2
1
2
1
2
1
0
3
2
1
5
3
3
7
3
3
6
4
3
5
5
4
5
5
2
4
5
4
2
7
2
4
2
4
2
5
4
1
5
4
0
1
4
1
2
1
1
1
2
2
1
4
1
0
2
1
1
3
1
2
0
1
3
1
1
0
0
1
1
0
0
2
2
2
0
1
2
0
0
2
0
3
0
4
0
1
2
1
1
4
2
2
2
0
1
2
4
1
1
0
0
1
0
0
0
1
3
0
0
0
1
1
0
3
1
0
1
1
0
1
0
0
1
0
1
0
2
3
1
2
0
1
0
3
0
0
1
2
5
1
1
2
1
0
3
1
1
0
3
0
0
3
3
2
3
2
3
3
0
2
2
0
1
0
3
0
3
3
1
2
1
0
1
3
1
1
1
0
1
1
0
1
1
2
0
2
2
1
2
3
3
3
1
1
2
3
3
1
3
3
4
2
4
3
5
1
3
5
1
3
0
2
4
2
1
2
2
1
3
1
2
0
0
2
2
4
1
1
2
2
1
5
0
3
0
0
2
4
1
0
2
1
3
1
1
3
2
0
0
1
0
2
1
0
1
1
2
0
1
3
1
0
4
2
1
2
0
0
0
1
0
2
2
4
1
1
0
2
0
1
3
1
1
3
1
3
0
2
1
2
2
1
1
1
1
1
2
1
0
1
1
1
2
0
0
2
0
0
3
0
2
1
4
1
2
2
1
0
1
1
2
3
0
0
1
0
1
3
0
2
1
1
0
0
2
1
1
0
1
2
0
2
1
0
2
2
1
0
0
0
0
2
0
2
1
2
0
3
3
2
3
4
1
2
3
1
3
0
3
1
1
0
0
3
2
0
4
0
7
3
1
1
5
5
3
3
1
1
3
2
3
0
4
4
0
1
2
1
2
1
1
1
2
1
2
3
3
3
2
1
1
1
2
2
1
0
1
1
1
3
4
0
1
3
2
1
0
2
3
1
1
1
1
0
0
1
1
2
3
0
4
0
1
0
0
1
0
0
0
2
1
4
3
4
2
1
1
3
3
1
0
4
2
0
1
2
2
3
3
2
3
7
4
2
0
5
2
5
2
10
5
3
7
4
7
4
5
3
7
5
3
3
3
9
4
4
7
4
5
1
5
5
8
3
5
6
4
2
4
3
3
6
8
7
5
4
1
3
2
8
5
3
4
2
6
5
8
8
5
3
3
6
4
4
5
2
6
6
5
4
6
10
7
4
5
4
3
6
12
6
6
7
12
10
7
11
4
9
9
10
8
15
17
15
10
20
19
15
22
20
22
16
30
20
32
29
38
26
31
40
44
43
48
31
60
67
49
54
70
66
53
68
57
73
71
62
73
51
56
66
57
73
70
56
49
50
64
62
49
44
42
39
32
26
33
30
35
28
22
27
22
20
22
22
17
14
12
10
5
17
11
19
10
6
7
8
5
8
8
9
10
3
5
4
3
7
5
7
3
8
5
9
6
6
6
7
8
4
7
5
6
7
5
9
4
6
5
5
5
10
13
8
7
9
5
8
15
7
7
7
4
9
10
8
9
14
9
11
14
16
12
3
15
16
7
9
10
8
12
12
12
16
13
14
21
12
12
22
14
16
18
18
19
20
19
18
11
23
21
23
25
29
20
26
15
25
28
30
37
30
32
27
27
17
28
18
27
24
24
22
20
28
35
27
25
28
25
26
20
25
21
28
38
30
24
26
28
34
20
35
38
23
34
31
37
36
40
26
33
27
28
24
24
28
29
35
31
45
36
39
41
49
37
32
53
39
47
48
45
56
50
41
54
47
57
62
60
48
51
50
62
56
69
65
71
67
72
68
69
57
82
78
90
82
88
80
77
99
108
92
98
106
104
108
100
104
118
105
119
140
143
125
145
129
136
163
140
148
153
150
202
199
192
177
212
246
272
246
282
285
268
240
279
317
339
353
378
389
396
380
424
427
494
488
529
533
568
588
590
600
658
649
701
738
753
804
765
813
799
905
844
963
981
989
1029
1054
1050
1051
1058
1081
1136
1162
1131
1168
1152
1215
1229
1237
1334
1291
1307
1301
1373
1345
1365
1509
1524
1501
1534
1597
1681
1664
1790
1835
1867
1893
2015
2044
2209
2206
2279
2391
2500
2591
2665
2727
2813
2872
3083
3020
3156
3247
3309
3408
3385
3396
3400
3519
3529
3483
3404
3517
3464
3296
3408
3223
3192
3062
3039
2940
2835
2665
2689
2449
2452
2209
2031
1946
1866
1786
1530
1493
1285
1239
1176
1040
947
857
765
689
647
529
515
421
390
367
287
296
241
207
164
179
141
133
113
105
75
68
57
54
45
37
34
38
28
21
24
13
8
13
12
21
13
13
13
13
3
10
8
7
9
8
6
5
6
6
5
7
5
10
5
2
5
3
4
4
4
7
4
8
7
5
4
5
4
4
4
6
1
2
3
3
5
2
3
4
3
2
4
4
4
3
4
4
6
3
5
5
4
2
3
4
1
1
1
4
5
3
4
1
5
2
3
2
2
4
4
3
7
3
3
1
4
3
4
6
2
3
4
7
5
4
7
5
2
3
5
6
6
3
7
5
4
3
14
11
8
7
4
10
6
3
8
8
10
8
6
9
5
10
9
12
7
10
6
3
12
2
5
5
4
5
3
6
7
3
6
3
6
5
3
6
4
3
4
4
2
1
1
1
2
2
0
1
1
0
1
0
1
2
1
0
0
1
0
0
0
0
0
0
0
0
0
0
0
0
0
0
0
0
0
0
0
0
0
0
0
0
0
0
1
0
1
0
0
0
2
0
0
1
0
0
0
0
0
0
0
0
0
0
0
0
0
0
0
0
0
0
0
0
1
0
0
0
0
0
0
0
0
0
0
0
0
0
0
1
0
0
1
0
0
0
0
0
0
0
0
0
0
0
0
0
0
0
0
0
0
0
0
0
0
0
0
0
0
0
0
0
0
0
0
1
0
1
0
0
0
0
0
0