cuentas
0
0
0
0
0
0
0
0
0
0
0
0
0
0
0
0
0
0
0
0
0
0
0
0
0
0
0
0
0
0
0
0
0
0
0
0
0
0
0
0
0
0
0
0
0
0
0
0
0
0
0
0
0
0
0
0
0
0
0
0
0
0
0
0
0
169
148
124
76
49
33
16
12
9
5
3
3
2
2
2
0
1
3
0
2
0
0
3
0
1
2
0
2
1
0
0
1
1
0
1
0
0
1
0
0
1
0
0
0
2
0
1
1
1
2
1
1
0
1
1
0
0
1
0
1
1
0
2
1
0
1
1
0
1
1
2
0
2
1
1
1
1
0
1
0
1
0
1
1
0
1
1
0
0
1
1
0
1
2
0
0
0
1
0
1
0
0
2
1
0
0
2
1
1
0
1
0
0
0
1
1
0
0
0
0
1
0
2
0
0
1
1
0
0
1
0
1
1
0
2
1
1
2
1
0
0
1
1
0
0
1
0
3
0
1
1
0
1
0
0
0
2
0
0
2
1
0
1
0
0
0
0
1
1
0
1
0
0
1
2
2
0
2
3
2
4
4
5
3
3
5
4
2
4
5
5
8
6
9
2
3
7
5
4
5
9
3
7
10
17
12
16
4
9
16
9
5
3
6
6
6
7
7
8
6
7
7
9
13
5
9
9
3
5
5
7
5
2
2
4
4
4
5
7
8
1
2
2
3
5
7
6
5
2
4
4
3
4
3
9
4
2
7
2
2
8
5
4
6
4
4
2
3
2
10
6
3
6
8
5
4
6
9
10
6
8
6
11
10
24
16
18
32
37
51
45
48
57
75
88
83
123
131
159
173
199
260
252
272
316
361
400
480
454
473
513
513
575
569
582
595
589
666
650
628
627
598
641
570
580
566
532
521
461
443
432
392
352
330
303
258
237
204
212
172
159
153
119
126
103
84
53
72
58
46
62
51
30
28
18
26
18
18
9
5
6
9
6
5
4
2
3
4
3
1
1
2
1
1
4
2
1
1
2
2
1
2
3
2
0
2
3
2
3
2
3
2
6
0
0
5
0
1
3
4
3
3
3
5
6
5
3
5
4
7
3
7
8
4
6
9
7
7
4
7
10
6
9
6
4
5
5
11
4
8
6
4
3
7
3
7
8
8
11
10
4
7
4
8
4
5
3
10
7
4
9
11
9
8
5
7
7
7
5
6
8
4
10
5
6
6
5
11
6
6
6
11
8
8
9
3
6
8
5
5
5
8
12
8
7
9
9
6
7
7
6
7
12
8
11
5
5
6
5
9
10
10
10
10
0
6
4
11
6
11
4
5
7
8
8
6
7
12
9
6
12
7
12
5
7
16
7
14
17
12
7
10
16
18
11
15
16
17
16
10
22
24
25
23
25
34
35
43
41
61
68
91
110
95
121
121
148
139
153
162
209
228
243
272
265
292
295
323
359
349
370
379
414
389
375
420
403
397
352
404
375
366
351
346
341
299
314
274
273
262
222
209
159
155
131
118
129
114
88
94
81
80
67
64
48
48
52
43
32
43
42
37
44
36
29
43
33
45
37
58
49
39
55
47
46
36
54
32
41
40
50
48
47
43
44
33
42
33
31
31
37
18
23
15
19
18
25
16
9
7
8
8
5
9
9
9
4
5
3
5
5
2
1
3
2
1
4
2
5
3
2
3
1
1
5
0
2
4
1
0
2
2
1
3
1
0
1
0
1
0
2
1
0
1
0
0
0
0
2
2
2
2
0
2
3
1
3
2
2
2
3
4
5
0
3
4
2
4
2
8
4
5
5
8
4
2
5
1
3
5
2
2
4
4
2
3
3
6
1
0
2
0
4
1
2
2
4
2
3
0
1
1
2
2
2
1
1
1
0
0
3
0
3
2
1
1
0
1
0
1
0
1
1
1
1
1
1
0
0
0
2
0
0
0
2
0
0
0
1
1
0
1
1
2
1
2
1
1
1
1
3
1
2
2
0
2
4
1
1
0
4
2
0
1
3
3
1
3
1
1
1
0
0
2
1
0
1
0
3
0
0
1
0
0
0
1
1
0
1
0
0
0
1
0
0
0
2
1
1
3
1
0
2
0
3
1
0
0
1
2
1
0
1
1
1
0
1
0
2
1
1
0
1
0
1
0
1
0
3
5
3
2
0
2
2
2
0
1
3
2
1
2
1
1
0
1
0
5
1
0
0
1
1
1
1
2
0
0
0
1
0
0
0
0
1
2
2
1
0
1
1
2
1
3
2
2
1
0
0
0
1
0
2
1
0
1
2
1
2
1
0
0
3
0
2
3
2
0
0
0
1
1
0
2
1
0
0
1
1
0
1
0
1
1
1
3
1
0
0
0
2
1
0
1
1
1
2
3
1
0
0
3
0
1
2
1
2
0
1
0
1
2
1
2
1
1
1
3
2
0
0
1
0
1
0
0
0
0
2
1
3
1
0
1
0
2
0
1
1
0
4
2
0
2
0
1
1
2
0
1
2
1
0
1
0
0
0
2
1
2
3
0
1
0
2
2
1
0
0
3
0
1
2
3
1
1
2
1
0
1
0
1
0
1
2
1
3
3
2
2
5
2
0
0
3
0
2
0
2
2
0
0
0
1
0
1
2
0
1
2
1
1
1
0
2
3
1
3
3
1
3
1
1
2
2
1
0
0
2
1
0
1
1
3
1
1
0
0
1
1
0
1
0
1
1
0
2
1
1
2
1
0
0
2
0
2
0
1
3
2
5
1
3
0
2
2
0
1
1
2
1
1
3
3
2
3
2
1
1
2
2
1
0
2
3
1
1
1
3
1
1
2
0
1
3
3
6
1
2
3
2
5
6
1
5
3
0
3
3
4
1
0
1
4
3
0
1
3
2
2
0
0
2
0
1
4
1
2
3
1
4
1
5
5
2
0
2
2
1
1
2
2
2
1
3
4
3
4
6
5
4
1
4
3
4
5
3
5
3
2
6
4
6
4
2
4
5
2
4
5
7
2
7
4
2
3
5
3
2
2
4
7
8
2
7
5
6
1
5
3
1
7
9
5
7
6
4
1
6
7
4
9
6
8
4
6
8
9
8
10
8
5
10
7
5
8
3
5
9
3
4
14
4
6
8
3
9
7
2
6
4
4
4
7
7
1
2
2
5
2
7
6
6
9
2
3
1
3
6
4
0
1
3
5
5
4
3
1
1
1
3
1
6
0
2
3
4
3
2
0
3
1
3
2
1
5
3
5
3
3
2
2
2
6
5
1
2
1
2
3
3
1
4
6
3
2
4
3
2
5
5
3
1
4
0
2
5
4
5
3
5
10
3
3
1
4
5
7
5
5
3
7
3
4
4
6
8
4
5
4
7
3
5
5
6
5
8
8
7
5
11
3
8
13
5
7
1
9
15
8
5
6
8
10
10
10
6
8
11
10
17
14
13
8
14
8
14
16
12
15
12
12
12
15
11
12
17
15
17
13
16
13
11
20
20
11
18
19
20
24
19
25
16
21
20
15
26
36
26
30
30
25
40
26
35
24
35
31
31
29
35
38
38
27
41
35
42
23
35
54
61
33
40
47
44
44
63
54
40
47
49
71
40
61
56
57
67
69
54
58
69
61
73
71
83
90
65
89
84
91
89
109
96
86
111
113
102
122
115
125
112
154
135
134
138
161
139
155
155
160
165
185
181
185
201
188
213
199
214
223
251
245
282
271
288
294
313
248
325
348
365
333
374
390
410
393
485
470
459
520
479
499
553
569
573
616
628
629
662
634
675
673
721
708
719
717
723
767
785
766
809
813
817
805
743
822
814
826
826
838
807
850
819
855
848
850
894
885
884
884
917
925
964
950
900
952
1002
1011
980
962
1011
1043
1069
1098
1076
1077
1124
1096
1105
1125
1181
1087
1094
1115
1052
1133
932
1089
1016
950
881
915
885
863
847
807
778
768
667
605
612
578
527
462
436
403
354
319
295
271
272
225
206
170
157
134
124
122
94
96
67
71
61
55
47
44
39
23
28
27
18
18
11
5
12
7
12
8
6
4
5
4
4
2
4
5
6
2
5
6
3
3
1
7
5
3
3
1
2
1
2
2
1
2
2
2
1
2
2
0
3
2
5
0
0
1
1
4
1
3
2
2
4
1
0
3
3
2
2
2
1
0
2
4
1
0
4
1
3
0
2
2
2
4
0
4
4
4
3
3
3
6
0
2
1
3
0
1
1
2
1
3
3
5
2
0
2
1
0
2
6
2
0
2
1
2
2
6
1
4
2
4
3
2
4
3
1
3
1
2
6
3
3
1
5
1
3
2
4
3
5
1
6
6
2
3
4
4
3
1
2
3
1
6
2
3
0
4
0
3
2
4
1
1
1
0
1
1
2
2
2
1
0
0
1
0
0
1
0
0
0
0
0
0
0
1
0
0
0
0
0
0
1
0
0
0
0
0
0
0
0
0
0
0
0
1
0
0
0
0
1
1
0
0
0
0
0
0
0
1
1
0
0
0
0
0
0
0
0
0
0
1
0
1
0
0
0
0
0
1
0
1
1
0
0
1
1
0
0
0
0
0
0
0
1
1
0
0
0
0
0
0
0
0
0
0
1
0
0
0
0
0
0
0
0
0
0
0
1
1
0
0
0
0
0
0
0
0
0
0
0
0
0
1
0
0
0
0
0
0
0
0
1