cuentas
0
0
0
0
0
0
0
0
0
0
0
0
0
0
0
0
0
0
0
0
0
0
0
0
0
0
0
0
0
0
0
0
0
0
0
0
0
0
0
0
0
0
0
0
0
0
0
0
0
0
0
0
0
0
0
0
0
0
0
0
0
0
0
0
0
33
49
21
19
12
8
9
3
4
1
0
2
1
0
4
1
2
4
2
2
1
4
4
0
2
4
1
0
1
3
2
2
1
2
3
2
1
2
0
1
3
1
3
3
1
0
7
2
2
3
2
1
1
2
1
0
2
1
1
1
0
1
1
3
0
0
1
1
0
0
1
2
4
2
1
1
0
1
1
5
0
3
1
2
0
2
3
1
3
2
2
0
2
1
2
1
2
3
4
3
1
2
1
0
2
3
0
0
3
0
2
0
3
0
2
1
3
3
0
0
1
0
1
0
1
2
1
0
1
1
1
3
0
2
2
3
2
1
0
0
1
3
2
2
0
2
2
1
4
2
2
2
2
2
3
1
0
1
1
1
1
0
2
1
1
2
3
1
1
2
3
0
2
2
2
1
2
0
3
2
1
1
2
3
6
2
4
3
1
2
1
2
1
2
2
2
4
1
4
3
5
2
4
6
5
8
2
1
3
3
4
6
5
1
3
0
3
2
3
3
3
2
4
3
2
5
0
2
6
1
5
2
6
2
3
3
2
2
2
3
4
0
5
5
7
3
2
5
3
3
1
6
6
7
4
8
3
3
8
6
5
6
0
6
4
3
8
8
4
4
7
1
6
2
4
0
1
1
5
2
5
2
6
2
3
4
6
6
5
2
6
4
1
2
5
6
10
3
10
5
5
6
6
9
8
7
16
12
6
12
9
13
14
7
15
9
10
15
11
12
13
9
9
9
14
9
12
14
16
11
11
10
9
7
7
11
9
5
6
5
7
6
8
6
8
3
7
5
4
5
6
2
8
2
7
3
3
8
5
10
8
5
1
2
1
7
3
9
7
8
3
6
3
3
2
4
6
11
4
3
1
4
4
7
5
10
3
5
2
4
2
5
7
3
1
4
9
10
5
7
1
2
3
7
5
9
6
6
4
2
3
8
2
3
7
5
4
6
5
6
4
9
6
4
7
4
9
5
8
5
1
8
8
5
3
5
4
5
2
4
5
12
7
5
11
3
3
10
3
6
5
3
2
6
4
13
6
9
8
4
13
5
6
6
2
5
3
4
8
9
9
12
2
4
5
4
6
4
5
1
7
4
8
11
4
6
8
7
8
4
12
5
7
6
8
13
7
8
8
12
13
11
12
17
14
20
12
18
12
20
13
24
25
33
33
43
48
47
43
36
65
61
51
60
78
74
89
84
91
71
77
82
78
93
83
92
79
77
116
91
80
79
82
80
74
77
61
63
60
58
54
42
69
52
58
59
72
72
65
86
77
89
101
93
99
109
100
113
124
125
117
108
139
164
131
144
139
134
120
133
136
110
122
123
95
96
126
99
87
73
75
58
50
47
80
38
50
37
50
53
38
25
25
18
25
28
26
30
15
20
33
32
35
32
28
28
26
34
29
29
26
29
34
25
35
34
29
35
26
22
23
30
27
27
23
26
15
23
26
23
15
14
18
14
11
14
12
5
9
10
5
11
10
10
8
8
8
13
9
11
5
7
14
11
15
7
12
16
16
14
11
14
9
15
17
19
19
18
14
18
18
21
23
20
25
30
21
20
31
21
15
29
14
24
21
23
21
25
28
35
32
37
27
35
37
27
42
30
46
38
33
36
25
35
40
37
37
47
33
26
29
41
33
45
35
45
49
47
48
42
51
38
47
45
33
39
42
38
39
38
45
40
42
43
46
40
44
31
36
31
36
29
29
29
38
32
32
36
38
28
29
34
40
34
33
40
30
40
40
40
33
36
25
37
32
39
43
28
31
38
42
30
27
40
35
30
40
44
40
32
41
38
38
41
42
37
35
28
37
27
35
39
50
37
37
38
35
39
37
32
29
29
40
38
41
41
41
48
35
40
44
40
40
39
48
43
45
46
35
44
40
53
60
40
49
52
44
52
47
64
44
40
58
42
53
70
66
56
71
74
93
84
87
100
103
117
149
112
162
193
194
210
272
303
388
442
451
564
658
799
887
973
1169
1399
1528
1851
1946
2336
2629
2933
3343
3689
4031
4454
4773
5301
5584
6138
6539
7121
7608
7922
8480
8979
9383
9616
9954
10156
10344
10719
10683
10809
10966
10910
10781
10725
10243
10235
9891
9442
9224
8790
8551
7901
7597
7044
6488
6125
5670
5250
4799
4262
3866
3494
3165
2901
2484
2278
1986
1729
1548
1307
1154
986
859
771
616
568
495
378
381
314
235
224
211
168
163
148
126
119
106
107
122
145
140
156
166
178
170
210
223
255
331
322
351
431
473
498
564
653
622
743
837
855
910
958
1069
1090
1145
1227
1383
1385
1468
1468
1614
1557
1663
1636
1695
1660
1664
1710
1718
1646
1699
1613
1547
1558
1494
1354
1334
1306
1208
1194
1114
989
997
873
845
715
660
631
577
473
447
392
379
314
266
263
226
160
164
139
124
80
88
83
75
49
38
34
36
23
27
16
14
14
6
8
9
2
4
6
2
7
4
4
2
2
2
2
0
0
1
1
5
1
1
5
1
3
1
4
0
2
1
1
1
2
0
0
0
3
2
0
1
2
3
1
2
4
0
0
1
4
1
3
0
2
3
1
4
5
1
0
3
4
1
0
4
3
1
2
1
2
1
1
1
1
3
0
0
1
1
0
0
0
0
2
2
3
0
2
0
0
2
1
1
3
1
2
1
0
0
0
1
1
0
2
0
2
1
1
1
1
0
0
0
0
1
0
1
2
1
0
1
2
0
0
2
1
0
1
0
1
2
1
0
0
2
0
1
1
0
1
2
3
1
2
4
3
1
3
2
5
4
1
1
2
0
3
5
4
3
5
1
2
6
0
2
6
1
5
3
7
5
3
4
4
1
3
2
0
2
0
2
2
1
2
2
2
0
3
1
1
2
0
2
2
1
1
2
1
0
1
1
2
2
1
1
1
0
2
2
1
0
1
3
2
1
3
3
2
2
0
4
3
1
2
6
4
3
1
7
3
4
5
3
3
6
4
6
3
4
8
9
1
9
8
9
9
11
10
9
11
10
14
13
12
15
18
11
16
16
15
11
11
9
11
23
8
11
17
9
17
11
15
8
12
12
11
6
8
8
9
10
11
6
4
4
9
8
3
9
4
4
3
1
4
4
5
3
2
8
1
1
0
2
2
2
2
1
2
0
0
4
2
2
1
1
2
1
1
3
1
4
2
1
3
0
1
3
0
1
2
1
2
0
0
1
1
0
1
2
2
3
2
6
1
1
1
1
0
0
1
4
2
2
2
2
1
3
3
2
2
4
5
3
7
4
4
2
2
2
6
3
5
7
2
3
2
2
4
3
12
3
7
2
4
2
4
5
5
3
5
3
7
4
5
5
9
8
4
3
4
12
8
4
6
8
7
10
6
8
4
3
12
5
7
2
5
4
12
7
10
6
5
14
7
6
10
3
10
4
6
5
14
10
2
10
7
12
9
6
11
9
12
12
7
10
6
12
12
10
12
19
15
13
17
12
12
18
17
16
13
11
19
14
17
19
14
10
9
30
18
14
15
26
12
22
27
18
20
18
14
25
22
28
20
25
28
30
30
21
27
32
30
27
41
28
36
43
22
46
33
28
54
62
38
39
42
47
57
49
45
55
63
62
66
75
65
68
76
79
80
91
74
82
83
93
104
119
102
122
138
145
156
126
140
164
141
153
186
187
198
183
192
213
220
215
237
243
273
269
265
289
266
311
302
283
279
333
329
312
314
319
352
363
368
367
317
356
358
383
370
387
391
414
387
402
436
437
477
467
490
516
463
482
472
541
549
549
594
562
640
612
710
694
686
658
714
724
727
673
755
802
789
797
820
826
840
749
806
808
782
799
752
731
740
682
700
653
577
603
583
562
516
518
444
436
377
344
334
305
304
292
260
244
194
191
163
142
134
130
113
112
71
81
52
57
55
52
39
27
34
32
18
20
14
15
8
12
15
8
11
5
5
6
5
3
3
2
0
3
2
0
2
0
0
0
2
1
0
1
2
0
4
1
2
0
0
1
0
1
1
0
0
1
0
0
1
0
2
0
1
1
1
0
0
0
0
0
1
3
2
1
0
0
2
2
0
0
1
0
0
1
0
2
0
1
0
0
1
1
0
1
0
0
0
3
0
0
0
1
1
0
2
0
0
0
1
0
1
0
0
3
0
0
1
3
1
0
1
0
2
2
0
2
2
1
2
4
1
1
3
1
2
1
1
1
3
2
0
3
5
0
0
2
6
1
6
1
2
8
5
4
8
5
4
4
4
6
7
9
6
3
6
7
4
2
6
9
4
9
2
6
3
4
6
3
3
3
8
4
7
3
6
2
4
6
3
3
7
2
4
1
2
1
1
1
0
3
2
2
1
3
2
3
2
2
1
0
1
1
1
0
0
0
0
1
1
1
1
0
0
0
1
0
1
0
0
0
0
1
1
0
0
0
1
1
0
0
0
4
3
0
1
0
1
3
0
1
3
1
3
1
0
1
0
0
1
3
2
2
0
0
2
1
0
2
0
2
3
0
1
2
2
1
1
1
0
1
2
3
2
1
0
1
0
0
0
1
0
0
0
1
0
0
0
0
0
0
0
0
0
0
0
0
0
0
0
1