cuentas
0
0
0
0
0
0
0
0
0
0
0
0
0
0
0
0
0
0
0
0
0
0
0
0
0
0
0
0
0
0
0
0
0
0
0
0
0
0
0
0
0
0
0
0
0
0
0
0
0
0
0
0
0
0
0
0
0
0
0
0
0
0
0
0
0
18
15
13
6
3
3
3
0
2
1
1
0
4
0
0
0
0
1
3
0
2
1
2
0
4
2
2
2
3
0
1
0
1
2
0
1
0
0
0
1
1
2
1
1
1
1
0
0
1
2
1
0
0
1
1
0
0
0
1
2
1
2
2
1
1
0
1
2
0
2
4
2
1
2
1
0
0
2
2
1
2
1
0
1
1
0
0
1
2
2
0
0
0
1
2
0
1
0
1
1
0
0
1
1
1
1
1
0
2
0
0
1
2
1
1
1
0
0
0
0
1
2
1
1
1
0
1
1
1
0
1
3
0
0
0
0
4
4
0
1
0
0
0
3
2
1
2
0
1
0
0
0
2
0
1
1
1
4
0
0
2
1
1
1
0
0
1
0
1
1
1
1
1
0
1
1
1
2
0
0
0
1
1
3
3
3
0
3
2
1
3
2
2
3
2
3
2
4
2
2
4
0
0
3
1
6
3
3
0
3
1
1
1
1
2
0
0
4
0
1
0
1
3
0
2
1
2
0
2
2
3
2
1
1
0
4
3
1
0
1
3
1
2
0
0
5
2
1
1
3
1
2
2
3
2
2
5
2
1
2
2
0
5
4
1
0
0
1
0
3
5
3
1
4
1
1
1
2
3
3
2
1
4
4
1
1
2
2
1
2
4
1
2
1
3
1
1
3
3
3
4
3
1
5
2
1
2
2
8
7
5
3
2
1
5
6
2
5
7
0
2
4
2
4
1
4
4
7
5
2
1
6
3
3
5
2
1
3
3
2
2
3
4
5
1
3
2
1
2
1
2
0
6
2
2
2
2
0
2
1
3
1
3
2
4
1
1
0
3
1
3
0
1
2
1
6
1
3
1
1
3
1
1
2
1
3
1
2
3
1
0
2
3
2
0
2
2
2
1
1
0
0
0
5
3
5
3
1
1
1
3
3
2
4
0
5
3
4
5
3
2
3
2
1
2
3
4
5
6
5
1
4
2
2
2
3
6
7
1
6
3
4
3
3
1
1
3
2
1
0
4
4
2
8
2
2
5
3
1
5
0
1
6
2
2
2
3
1
1
4
4
6
3
4
3
2
3
1
2
3
1
4
0
6
4
3
8
4
6
8
2
3
2
2
4
2
2
0
2
0
3
4
3
5
5
4
5
5
4
2
0
4
1
3
2
3
4
2
1
1
3
4
3
4
0
3
12
3
1
4
2
0
4
4
5
8
3
8
5
5
1
8
7
4
5
6
9
6
6
14
15
13
14
14
26
31
26
18
24
42
32
45
40
41
57
51
55
60
61
66
55
66
67
62
53
75
56
75
65
62
57
66
54
56
49
53
49
53
38
32
27
22
18
17
26
26
20
24
28
15
17
15
15
21
22
21
23
22
33
27
22
31
28
33
31
39
37
40
37
50
50
45
59
55
58
45
51
45
46
47
66
66
39
53
55
40
32
38
29
45
25
35
25
21
22
15
16
18
13
12
15
7
9
10
6
4
10
6
2
4
5
1
2
2
4
2
0
1
1
4
0
4
2
2
4
1
0
4
3
5
2
3
1
3
5
2
2
3
2
2
2
1
3
5
3
1
2
4
2
2
3
5
2
9
1
7
1
8
5
9
8
15
10
10
9
5
5
7
11
18
11
9
10
14
15
16
17
13
15
18
17
20
8
9
14
13
14
8
11
10
21
8
11
9
10
14
11
16
5
5
9
11
9
11
8
8
13
10
9
9
12
7
14
6
8
11
17
13
8
12
11
8
9
5
6
10
13
10
13
9
15
6
11
13
13
19
14
17
11
12
10
15
15
17
12
10
15
20
13
13
15
10
14
8
15
9
12
15
16
19
14
11
22
13
15
18
13
11
15
15
14
21
13
17
12
8
16
8
14
19
17
16
13
19
12
16
15
15
18
22
14
17
15
21
14
19
9
16
25
12
21
13
17
18
18
24
17
18
19
17
11
22
9
23
18
22
16
15
23
21
14
20
30
16
23
15
19
8
8
24
17
10
20
25
13
24
13
17
17
18
20
14
19
17
27
12
11
17
20
14
12
22
21
15
12
19
22
25
28
15
25
17
30
31
21
30
25
26
24
28
24
24
25
20
29
17
36
26
32
35
45
26
40
39
30
31
33
42
40
35
40
38
46
56
63
61
66
83
72
81
100
117
130
134
177
180
208
279
291
371
434
484
578
672
750
887
1045
1139
1262
1528
1740
1950
2105
2344
2671
2931
3246
3483
3912
4090
4581
4808
5070
5399
5744
5906
6269
6462
6700
6859
6933
7131
7079
7341
7455
7158
7250
7198
7060
6883
6720
6338
6120
5942
5600
5389
4958
4719
4365
3904
3683
3355
3107
2857
2543
2316
2096
1770
1621
1400
1253
1047
955
804
749
646
487
419
388
308
283
194
181
160
146
129
82
69
65
68
63
52
41
41
42
45
38
37
43
48
45
47
56
50
52
64
64
72
93
94
109
112
148
159
161
199
194
254
266
317
318
379
409
387
493
503
572
603
641
688
731
754
823
845
895
946
960
1017
1019
1116
1112
1160
1111
1196
1129
1116
1105
1123
1059
1067
1022
992
1016
929
894
781
785
751
699
607
632
545
520
461
415
382
330
288
263
233
203
203
159
129
130
119
88
62
67
75
57
56
38
37
19
24
19
15
12
11
5
5
8
4
4
2
2
6
1
1
3
0
1
0
3
0
1
0
2
0
0
3
0
0
0
0
0
0
2
1
1
1
0
0
1
0
1
0
1
0
0
0
1
0
1
0
0
0
1
1
1
2
0
0
0
1
1
1
1
2
1
0
4
3
0
0
1
0
0
1
0
1
0
1
2
0
1
0
3
0
0
2
1
1
0
2
0
0
0
0
0
0
0
3
0
1
0
1
5
1
2
0
1
0
0
3
2
0
1
2
0
0
1
0
0
1
2
0
0
0
0
1
0
2
0
4
1
1
2
1
2
2
0
2
0
2
1
0
0
0
0
0
2
2
0
2
1
3
2
1
3
3
1
4
5
0
4
2
2
0
2
5
2
2
4
2
1
3
3
3
1
0
4
2
3
1
1
2
0
0
0
1
1
3
2
0
0
2
1
0
0
2
0
1
0
1
0
0
1
1
3
0
0
1
2
1
1
0
0
1
2
2
1
0
0
0
0
0
0
0
1
1
0
3
1
0
2
0
3
1
0
1
0
1
1
0
0
1
1
0
1
0
0
1
1
0
0
1
3
3
2
0
1
3
0
0
2
1
0
1
2
2
0
0
2
3
2
1
0
1
2
3
0
0
0
1
1
0
0
2
2
1
6
2
3
1
1
1
0
3
2
0
2
1
2
1
4
2
2
3
5
3
4
0
1
7
1
0
1
2
3
2
0
3
4
5
1
3
4
4
2
5
6
3
3
3
7
4
2
0
4
4
6
4
4
4
4
4
3
5
3
6
2
3
10
5
5
6
5
5
2
6
6
8
4
8
4
9
8
5
7
9
2
6
11
6
10
10
5
8
10
8
9
8
5
10
11
9
17
10
14
10
11
5
10
13
14
12
11
7
19
13
13
10
9
19
15
9
20
18
13
19
22
16
22
17
20
17
19
22
20
36
27
32
32
23
31
41
40
46
43
42
44
48
45
46
47
60
71
58
68
61
72
70
70
82
78
74
102
89
106
120
88
96
117
106
114
119
117
113
115
125
146
132
133
163
154
128
145
138
132
155
154
160
159
147
168
172
167
161
173
181
196
183
201
218
191
179
247
213
219
247
239
245
253
301
277
267
281
271
310
316
315
293
353
310
339
356
377
328
381
356
318
351
350
329
334
319
314
312
306
271
285
247
236
233
218
201
178
184
167
175
135
134
122
119
94
85
77
82
59
72
57
48
49
52
27
30
23
24
21
18
14
13
9
12
7
12
5
2
5
3
2
1
2
6
3
1
2
0
0
2
0
0
0
0
1
0
2
0
3
1
0
1
1
1
0
0
1
0
0
0
1
0
0
2
0
0
1
0
0
0
0
0
0
0
0
0
1
1
0
0
0
0
0
0
0
0
0
0
0
0
1
0
0
1
1
1
2
0
0
0
1
0
0
0
0
2
0
0
0
0
2
0
1
1
0
2
0
0
0
0
0
0
1
0
1
0
2
0
0
0
0
1
1
0
0
0
2
0
1
0
0
0
1
1
0
2
0
0
0
0
2
0
1
0
0
1
1
0
1
0
1
5
0
0
0
2
0
0
0
0
0
0
0
1
1
1
1
0
0
1
0
0
0
0
0
0
1
0
0
0
0
0
0
0
0
0
1
0
0
0
0
0
0
0
0
0
0
0
0
0
0
0
0
0
0
0
0
0
0
0
0
0
0
0
0
0
0
0
0
0
0
0
0
0
0
0
0
0
0
0
0
0
0
0
0
0
0
0
0
0
0
0
0
0
0
0
0
0
1
0
0
0
0
0
0
0
0
0
0
0
0
0
0
0
0
0
0
0
0
0
0
0
0
0
0
0
0
0
0
0
0
0
0
0
0
0
0
0
0
0
0
0
0
0
0
0
0
0
0
0
0
0
0
0
0
0
0
0
0
0
0